1 0.521941 0.338611 0.500000 0.011002
1 0.518253 0.351860 0.500000 0.011363
1 0.520820 0.357384 0.500000 0.010000
1 0.528045 0.408237 0.500000 0.010000
1 0.535539 0.443315 0.500000 0.010000
1 0.514172 0.457687 0.500000 0.010000
1 0.525467 0.504522 0.500000 0.010000
1 0.541862 0.533761 0.500000 0.010000
1 0.518746 0.536642 0.500000 0.010000
1 0.549370 0.558885 0.500000 0.010000
1 0.534333 0.571607 0.500000 0.010000
1 0.541549 0.593506 0.500000 0.017230
1 0.544348 0.630531 0.500000 0.011402
1 0.519899 0.646727 0.500000 0.014539
1 0.535235 0.685626 0.500000 0.010000
1 0.558038 0.699904 0.500000 0.010000
1 0.510470 0.728101 0.500000 0.014394
1 0.518165 0.741424 0.500000 0.015761
1 0.517049 0.755241 0.500000 0.015047
1 0.539058 0.775472 0.500000 0.011404
