1 0.512651 0.305701 0.500000 0.010000
1 0.528963 0.352573 0.500000 0.010000
1 0.534947 0.385379 0.500000 0.010000
1 0.524422 0.381417 0.500000 0.010000
1 0.519732 0.453417 0.500000 0.010000
1 0.524608 0.495429 0.500000 0.010000
1 0.536625 0.497421 0.500000 0.010000
1 0.548672 0.516829 0.500000 0.010000
1 0.524616 0.521793 0.500000 0.010000
1 0.519502 0.559467 0.500000 0.010000
1 0.549265 0.583914 0.500000 0.013835
1 0.553590 0.624921 0.500000 0.010000
1 0.546796 0.616790 0.500000 0.010000
1 0.556569 0.645911 0.500000 0.018533
1 0.545615 0.691409 0.500000 0.011117
1 0.561701 0.684257 0.500000 0.019557
1 0.525032 0.691692 0.500000 0.010000
1 0.508773 0.750127 0.500000 0.010000
1 0.506623 0.747148 0.500000 0.020448
1 0.542898 0.780322 0.500000 0.014514
