1 0.535206 0.316046 0.500000 0.010507
1 0.543892 0.358272 0.500000 0.010000
1 0.526114 0.370332 0.500000 0.010000
1 0.514690 0.377700 0.500000 0.010000
1 0.545491 0.462656 0.500000 0.010000
1 0.515916 0.462619 0.500000 0.010000
1 0.539035 0.514202 0.500000 0.014004
1 0.535231 0.516856 0.500000 0.013019
1 0.533292 0.516891 0.500000 0.010000
1 0.535803 0.564943 0.500000 0.010000
1 0.539096 0.573804 0.500000 0.010000
1 0.518095 0.620552 0.500000 0.010000
1 0.519742 0.613248 0.500000 0.013896
1 0.550247 0.651480 0.500000 0.012435
1 0.538857 0.653028 0.500000 0.018348
1 0.555414 0.701959 0.500000 0.019206
1 0.501802 0.725122 0.500000 0.011786
1 0.526779 0.731727 0.500000 0.010000
1 0.532124 0.735504 0.500000 0.014714
1 0.528127 0.782178 0.500000 0.010000
