1 0.521817 0.326612 0.500000 0.012456
1 0.536233 0.347308 0.500000 0.010000
1 0.546893 0.373018 0.500000 0.010343
1 0.531603 0.390172 0.500000 0.010000
1 0.558449 0.464909 0.500000 0.010000
1 0.533579 0.475099 0.500000 0.010000
1 0.525938 0.521277 0.500000 0.010000
1 0.517252 0.521205 0.500000 0.010344
1 0.546894 0.550562 0.500000 0.010000
1 0.522336 0.561115 0.500000 0.012212
1 0.522596 0.599969 0.500000 0.010000
1 0.556106 0.624484 0.500000 0.013145
1 0.541719 0.626216 0.500000 0.010000
1 0.519102 0.662908 0.500000 0.010000
1 0.548876 0.684057 0.500000 0.022681
1 0.531009 0.697252 0.500000 0.018421
1 0.531496 0.719430 0.500000 0.010000
1 0.512882 0.724218 0.500000 0.010000
1 0.537398 0.757436 0.500000 0.013905
1 0.546775 0.762546 0.500000 0.014257
