1 0.515565 0.317786 0.500000 0.010000
1 0.529098 0.339235 0.500000 0.010194
1 0.518872 0.363353 0.500000 0.010000
1 0.544296 0.398345 0.500000 0.010000
1 0.544596 0.462531 0.500000 0.010000
1 0.529533 0.466873 0.500000 0.010000
1 0.520552 0.503475 0.500000 0.010000
1 0.533324 0.519211 0.500000 0.010000
1 0.529820 0.517660 0.500000 0.010000
1 0.544879 0.560980 0.500000 0.010000
1 0.532385 0.580091 0.500000 0.010000
1 0.532385 0.609244 0.500000 0.010313
1 0.527328 0.623720 0.500000 0.010000
1 0.545268 0.654354 0.500000 0.012960
1 0.548496 0.660415 0.500000 0.010000
1 0.538443 0.698242 0.500000 0.018877
1 0.517396 0.693358 0.500000 0.013411
1 0.525441 0.722609 0.500000 0.021420
1 0.537412 0.740586 0.500000 0.014693
1 0.513639 0.769516 0.500000 0.021673
