1 0.538709 0.313516 0.500000 0.010000
1 0.532902 0.333957 0.500000 0.010000
1 0.544097 0.357341 0.500000 0.010000
1 0.536034 0.398452 0.500000 0.010000
1 0.529730 0.434407 0.500000 0.010000
1 0.533982 0.488840 0.500000 0.010000
1 0.541085 0.486208 0.500000 0.010000
1 0.548619 0.531072 0.500000 0.011082
1 0.532525 0.546828 0.500000 0.013471
1 0.534911 0.579801 0.500000 0.010066
1 0.534733 0.597427 0.500000 0.014617
1 0.519707 0.590040 0.500000 0.013926
1 0.533608 0.609145 0.500000 0.014504
1 0.547948 0.631895 0.500000 0.010000
1 0.518837 0.658861 0.500000 0.010000
1 0.528740 0.705427 0.500000 0.017897
1 0.499665 0.712795 0.500000 0.014165
1 0.534566 0.735051 0.500000 0.015674
1 0.526020 0.753354 0.500000 0.019881
1 0.537771 0.766513 0.500000 0.013805
