1 0.529990 0.316957 0.500000 0.010000
1 0.527877 0.363301 0.500000 0.010000
1 0.527812 0.393042 0.500000 0.010000
1 0.542350 0.374267 0.500000 0.010000
1 0.534583 0.464000 0.500000 0.010000
1 0.521248 0.485075 0.500000 0.010000
1 0.528469 0.515671 0.500000 0.011578
1 0.516904 0.526935 0.500000 0.010000
1 0.531810 0.531422 0.500000 0.010000
1 0.549332 0.582013 0.500000 0.010000
1 0.519487 0.598378 0.500000 0.010000
1 0.531731 0.592112 0.500000 0.013579
1 0.548746 0.610384 0.500000 0.010000
1 0.534465 0.649173 0.500000 0.010000
1 0.521236 0.656596 0.500000 0.010000
1 0.561155 0.700291 0.500000 0.018444
1 0.497891 0.727929 0.500000 0.010000
1 0.521016 0.742149 0.500000 0.013420
1 0.533059 0.752388 0.500000 0.012868
1 0.521177 0.774753 0.500000 0.015592
