1 0.532964 0.323539 0.500000 0.010000
1 0.523458 0.362152 0.500000 0.010000
1 0.516874 0.380677 0.500000 0.010000
1 0.538042 0.374563 0.500000 0.010000
1 0.546853 0.458721 0.500000 0.010000
1 0.533544 0.467448 0.500000 0.010000
1 0.539123 0.519036 0.500000 0.010000
1 0.522786 0.514190 0.500000 0.013215
1 0.525882 0.556552 0.500000 0.015630
1 0.541182 0.577811 0.500000 0.010000
1 0.540257 0.589787 0.500000 0.010000
1 0.521227 0.589825 0.500000 0.010000
1 0.527145 0.602461 0.500000 0.010000
1 0.523001 0.662799 0.500000 0.010000
1 0.533274 0.685835 0.500000 0.010000
1 0.529566 0.694028 0.500000 0.010000
1 0.524171 0.725241 0.500000 0.017499
1 0.527392 0.732671 0.500000 0.018470
1 0.526651 0.734377 0.500000 0.012253
1 0.511989 0.791960 0.500000 0.022467
