1 0.539095 0.333519 0.500000 0.010000
1 0.537235 0.367536 0.500000 0.010000
1 0.533708 0.389270 0.500000 0.010000
1 0.527948 0.398582 0.500000 0.010000
1 0.532281 0.466214 0.500000 0.010000
1 0.543246 0.476222 0.500000 0.010000
1 0.541105 0.499831 0.500000 0.010000
1 0.527573 0.524219 0.500000 0.010000
1 0.537220 0.535718 0.500000 0.015680
1 0.523642 0.582718 0.500000 0.013169
1 0.527720 0.578964 0.500000 0.010000
1 0.544255 0.597653 0.500000 0.015093
1 0.534641 0.638418 0.500000 0.010000
1 0.528665 0.641788 0.500000 0.012398
1 0.519371 0.689124 0.500000 0.024353
1 0.559147 0.692013 0.500000 0.010000
1 0.510226 0.724884 0.500000 0.017160
1 0.532341 0.731390 0.500000 0.010000
1 0.522873 0.750906 0.500000 0.011896
1 0.516318 0.763918 0.500000 0.010726
