1 0.546219 0.342548 0.500000 0.010000
1 0.541658 0.359194 0.500000 0.010000
1 0.531120 0.360678 0.500000 0.010000
1 0.529606 0.396166 0.500000 0.010000
1 0.529299 0.452395 0.500000 0.011267
1 0.533929 0.493806 0.500000 0.010000
1 0.558176 0.501576 0.500000 0.010000
1 0.526130 0.510986 0.500000 0.011398
1 0.514098 0.543409 0.500000 0.011746
1 0.525726 0.557323 0.500000 0.010000
1 0.541249 0.575863 0.500000 0.011037
1 0.539800 0.623853 0.500000 0.010000
1 0.526634 0.632219 0.500000 0.010000
1 0.556735 0.660860 0.500000 0.018303
1 0.540677 0.657940 0.500000 0.015255
1 0.559468 0.666439 0.500000 0.010000
1 0.527824 0.723706 0.500000 0.011310
1 0.504740 0.730049 0.500000 0.021830
1 0.530939 0.771160 0.500000 0.014567
1 0.529527 0.754327 0.500000 0.022675
