1 0.524696 0.333508 0.500000 0.010000
1 0.533732 0.353100 0.500000 0.010000
1 0.546257 0.379436 0.500000 0.010000
1 0.511806 0.407776 0.500000 0.010000
1 0.547991 0.463941 0.500000 0.010000
1 0.544244 0.473034 0.500000 0.010000
1 0.545174 0.493775 0.500000 0.010223
1 0.542878 0.504959 0.500000 0.013920
1 0.531161 0.530572 0.500000 0.010000
1 0.548767 0.558707 0.500000 0.010382
1 0.528245 0.605199 0.500000 0.015067
1 0.542348 0.589434 0.500000 0.010000
1 0.551050 0.604645 0.500000 0.014423
1 0.522499 0.631963 0.500000 0.016856
1 0.550556 0.668534 0.500000 0.025048
1 0.541340 0.672918 0.500000 0.010000
1 0.534830 0.712215 0.500000 0.010000
1 0.530711 0.712052 0.500000 0.016089
1 0.525420 0.735606 0.500000 0.012367
1 0.511141 0.761382 0.500000 0.022042
