1 0.534670 0.318898 0.500000 0.010000
1 0.515631 0.343709 0.500000 0.010000
1 0.542910 0.394398 0.500000 0.010000
1 0.540923 0.400760 0.500000 0.010000
1 0.550736 0.434326 0.500000 0.010000
1 0.524599 0.466403 0.500000 0.010000
1 0.541501 0.511763 0.500000 0.012571
1 0.538297 0.507872 0.500000 0.010000
1 0.533117 0.520846 0.500000 0.010000
1 0.533981 0.546381 0.500000 0.011598
1 0.525728 0.582650 0.500000 0.010000
1 0.542141 0.605133 0.500000 0.017325
1 0.551029 0.624213 0.500000 0.011449
1 0.519811 0.636089 0.500000 0.011417
1 0.543964 0.659951 0.500000 0.020830
1 0.538864 0.668015 0.500000 0.012014
1 0.520323 0.689827 0.500000 0.016883
1 0.507942 0.732348 0.500000 0.010000
1 0.508553 0.743358 0.500000 0.010000
1 0.515536 0.785311 0.500000 0.011376
