1 0.515635 0.320619 0.500000 0.010000
1 0.546195 0.367582 0.500000 0.010000
1 0.545651 0.394602 0.500000 0.010000
1 0.531592 0.379454 0.500000 0.010000
1 0.532681 0.444554 0.500000 0.010000
1 0.545759 0.481965 0.500000 0.010000
1 0.528283 0.490194 0.500000 0.010000
1 0.518795 0.523058 0.500000 0.010000
1 0.514616 0.551616 0.500000 0.010000
1 0.542188 0.575504 0.500000 0.010000
1 0.550885 0.567876 0.500000 0.016786
1 0.536031 0.606672 0.500000 0.010832
1 0.535217 0.635076 0.500000 0.011053
1 0.522183 0.664450 0.500000 0.017614
1 0.553938 0.661980 0.500000 0.024327
1 0.530233 0.673745 0.500000 0.010000
1 0.533393 0.722913 0.500000 0.010000
1 0.526618 0.722995 0.500000 0.010000
1 0.512826 0.757660 0.500000 0.020445
1 0.529172 0.781728 0.500000 0.021063
