1 0.516114 0.318976 0.500000 0.010000
1 0.545796 0.334301 0.500000 0.010000
1 0.527610 0.357360 0.500000 0.010000
1 0.534389 0.401063 0.500000 0.010000
1 0.540745 0.449522 0.500000 0.010000
1 0.538780 0.466767 0.500000 0.010000
1 0.549299 0.513815 0.500000 0.010000
1 0.539051 0.537346 0.500000 0.010000
1 0.528406 0.523738 0.500000 0.010000
1 0.539955 0.556706 0.500000 0.012006
1 0.550038 0.581583 0.500000 0.010333
1 0.553305 0.595150 0.500000 0.010000
1 0.553315 0.641384 0.500000 0.010000
1 0.523239 0.628805 0.500000 0.011103
1 0.552790 0.688050 0.500000 0.025176
1 0.542369 0.672894 0.500000 0.011618
1 0.510586 0.705241 0.500000 0.011638
1 0.537650 0.732862 0.500000 0.011995
1 0.538504 0.756571 0.500000 0.023551
1 0.540967 0.780185 0.500000 0.018364
