1 0.543119 0.324139 0.500000 0.010000
1 0.548627 0.334490 0.500000 0.010000
1 0.513972 0.392626 0.500000 0.010000
1 0.513510 0.392800 0.500000 0.010000
1 0.519658 0.467699 0.500000 0.010000
1 0.532222 0.495722 0.500000 0.010000
1 0.529816 0.496779 0.500000 0.010000
1 0.538703 0.535763 0.500000 0.013560
1 0.521667 0.522661 0.500000 0.010000
1 0.525774 0.575519 0.500000 0.010000
1 0.524079 0.586636 0.500000 0.010000
1 0.517851 0.621357 0.500000 0.010000
1 0.531552 0.613937 0.500000 0.010000
1 0.544088 0.665943 0.500000 0.013251
1 0.537890 0.658114 0.500000 0.015214
1 0.540244 0.704212 0.500000 0.010000
1 0.516375 0.699738 0.500000 0.010000
1 0.508086 0.745051 0.500000 0.012690
1 0.545496 0.741538 0.500000 0.010000
1 0.513444 0.771171 0.500000 0.015422
