1 0.538361 0.334563 0.500000 0.010000
1 0.518800 0.345523 0.500000 0.010000
1 0.546240 0.362598 0.500000 0.010326
1 0.534537 0.411968 0.500000 0.010000
1 0.519880 0.430977 0.500000 0.010000
1 0.523341 0.470409 0.500000 0.010000
1 0.530175 0.496435 0.500000 0.010000
1 0.517497 0.514311 0.500000 0.010000
1 0.515285 0.523402 0.500000 0.010000
1 0.544885 0.577152 0.500000 0.012438
1 0.533583 0.575636 0.500000 0.010000
1 0.517874 0.592286 0.500000 0.010000
1 0.554528 0.602419 0.500000 0.010345
1 0.531717 0.649824 0.500000 0.017622
1 0.537670 0.669231 0.500000 0.013020
1 0.551838 0.697764 0.500000 0.012935
1 0.527424 0.713333 0.500000 0.010000
1 0.542196 0.730846 0.500000 0.010000
1 0.514038 0.750716 0.500000 0.021544
1 0.531397 0.790548 0.500000 0.017777
