1 0.513951 0.322499 0.500000 0.010000
1 0.548407 0.348481 0.500000 0.010000
1 0.523498 0.371888 0.500000 0.010000
1 0.514411 0.399022 0.500000 0.010000
1 0.534628 0.460413 0.500000 0.010000
1 0.542592 0.467166 0.500000 0.010000
1 0.528610 0.518770 0.500000 0.010000
1 0.547100 0.501176 0.500000 0.012925
1 0.533036 0.553985 0.500000 0.010000
1 0.553013 0.561797 0.500000 0.010000
1 0.540859 0.584459 0.500000 0.012516
1 0.536668 0.597118 0.500000 0.012242
1 0.517991 0.627047 0.500000 0.010000
1 0.530010 0.656682 0.500000 0.010000
1 0.536809 0.656238 0.500000 0.011614
1 0.552529 0.674819 0.500000 0.020073
1 0.534479 0.715423 0.500000 0.010000
1 0.536343 0.737100 0.500000 0.012266
1 0.529581 0.773453 0.500000 0.022541
1 0.546999 0.756928 0.500000 0.010000
