1 0.517765 0.336296 0.500000 0.010000
1 0.510339 0.366376 0.500000 0.010000
1 0.537284 0.370143 0.500000 0.010000
1 0.527194 0.390005 0.500000 0.010000
1 0.525264 0.446384 0.500000 0.010000
1 0.519156 0.471703 0.500000 0.010000
1 0.532965 0.495991 0.500000 0.010000
1 0.531564 0.527084 0.500000 0.011509
1 0.547742 0.518166 0.500000 0.013036
1 0.558347 0.548571 0.500000 0.013270
1 0.553034 0.574361 0.500000 0.010000
1 0.525840 0.595283 0.500000 0.010000
1 0.540872 0.609831 0.500000 0.011470
1 0.524422 0.648102 0.500000 0.017178
1 0.542103 0.688039 0.500000 0.016496
1 0.537898 0.672666 0.500000 0.020036
1 0.533245 0.719205 0.500000 0.010000
1 0.517764 0.729671 0.500000 0.019035
1 0.544743 0.768329 0.500000 0.019754
1 0.517810 0.756319 0.500000 0.016863
