1 0.543002 0.327132 0.500000 0.010000
1 0.522522 0.359589 0.500000 0.010000
1 0.538915 0.356772 0.500000 0.010000
1 0.538975 0.393847 0.500000 0.010000
1 0.521712 0.459386 0.500000 0.010000
1 0.522452 0.473290 0.500000 0.010000
1 0.520664 0.490413 0.500000 0.010000
1 0.544707 0.534147 0.500000 0.010000
1 0.519548 0.519576 0.500000 0.010657
1 0.523680 0.560553 0.500000 0.010000
1 0.533055 0.571845 0.500000 0.010000
1 0.525700 0.603272 0.500000 0.010000
1 0.549144 0.602254 0.500000 0.011140
1 0.524695 0.646587 0.500000 0.020625
1 0.520608 0.656702 0.500000 0.010222
1 0.547070 0.703395 0.500000 0.010000
1 0.518876 0.724723 0.500000 0.017651
1 0.535304 0.712062 0.500000 0.021943
1 0.512585 0.764031 0.500000 0.015751
1 0.521147 0.780416 0.500000 0.010976
