1 0.524236 0.320530 0.500000 0.010000
1 0.531499 0.348635 0.500000 0.010000
1 0.549368 0.355334 0.500000 0.010000
1 0.525703 0.390551 0.500000 0.010000
1 0.524735 0.444281 0.500000 0.010000
1 0.543387 0.458645 0.500000 0.010000
1 0.549148 0.504968 0.500000 0.010000
1 0.551624 0.506481 0.500000 0.010000
1 0.527721 0.555744 0.500000 0.010000
1 0.522966 0.582097 0.500000 0.011600
1 0.548093 0.582981 0.500000 0.010580
1 0.520580 0.603982 0.500000 0.010000
1 0.525689 0.606229 0.500000 0.010000
1 0.520160 0.645876 0.500000 0.010000
1 0.531075 0.680847 0.500000 0.010000
1 0.567440 0.693287 0.500000 0.016127
1 0.505798 0.702685 0.500000 0.018524
1 0.519772 0.713129 0.500000 0.010000
1 0.506477 0.770962 0.500000 0.025924
1 0.508598 0.771878 0.500000 0.019371
