1 0.517770 0.312302 0.500000 0.010000
1 0.509940 0.344694 0.500000 0.010000
1 0.551535 0.367452 0.500000 0.010000
1 0.534850 0.411990 0.500000 0.010000
1 0.530429 0.466923 0.500000 0.010000
1 0.536199 0.478271 0.500000 0.010000
1 0.525427 0.490803 0.500000 0.010000
1 0.518782 0.522014 0.500000 0.010000
1 0.542039 0.525754 0.500000 0.010000
1 0.555944 0.545499 0.500000 0.013888
1 0.520577 0.578227 0.500000 0.010000
1 0.530093 0.620650 0.500000 0.016776
1 0.550508 0.630875 0.500000 0.010000
1 0.535151 0.655887 0.500000 0.010000
1 0.555112 0.677559 0.500000 0.012437
1 0.559695 0.680691 0.500000 0.020081
1 0.507427 0.714922 0.500000 0.018504
1 0.539350 0.751182 0.500000 0.022151
1 0.533198 0.758613 0.500000 0.025947
1 0.533839 0.778623 0.500000 0.011381
