1 0.533950 0.307342 0.500000 0.010000
1 0.536421 0.361249 0.500000 0.010000
1 0.543929 0.362255 0.500000 0.010000
1 0.517382 0.378925 0.500000 0.010000
1 0.553419 0.467883 0.500000 0.010000
1 0.516011 0.496219 0.500000 0.010000
1 0.549823 0.491517 0.500000 0.010000
1 0.525847 0.504268 0.500000 0.013609
1 0.510050 0.519069 0.500000 0.010000
1 0.523624 0.560032 0.500000 0.010000
1 0.555032 0.590603 0.500000 0.010000
1 0.550930 0.615870 0.500000 0.010000
1 0.529765 0.604762 0.500000 0.010000
1 0.552729 0.628431 0.500000 0.010000
1 0.539653 0.677595 0.500000 0.022018
1 0.561563 0.666614 0.500000 0.016945
1 0.519609 0.714025 0.500000 0.013713
1 0.503841 0.726185 0.500000 0.010000
1 0.521170 0.763032 0.500000 0.015602
1 0.534190 0.783322 0.500000 0.024178
