1 0.515259 0.322305 0.500000 0.010000
1 0.532971 0.343911 0.500000 0.010000
1 0.520048 0.371299 0.500000 0.010000
1 0.515008 0.403543 0.500000 0.010000
1 0.528791 0.450568 0.500000 0.010000
1 0.534269 0.460891 0.500000 0.010000
1 0.553281 0.503035 0.500000 0.010000
1 0.533661 0.523605 0.500000 0.010000
1 0.529221 0.522631 0.500000 0.010000
1 0.538623 0.566744 0.500000 0.010000
1 0.550966 0.594138 0.500000 0.013763
1 0.552437 0.617200 0.500000 0.010000
1 0.551900 0.633764 0.500000 0.013527
1 0.538516 0.637948 0.500000 0.010000
1 0.519761 0.673147 0.500000 0.010000
1 0.560644 0.695276 0.500000 0.017682
1 0.528203 0.708093 0.500000 0.010000
1 0.506750 0.719076 0.500000 0.010000
1 0.521712 0.758317 0.500000 0.024210
1 0.533050 0.757215 0.500000 0.010000
