1 0.515716 0.304898 0.500000 0.010000
1 0.530975 0.345031 0.500000 0.010000
1 0.531625 0.373788 0.500000 0.010000
1 0.533921 0.387652 0.500000 0.010000
1 0.552051 0.469292 0.500000 0.010000
1 0.526429 0.480418 0.500000 0.010000
1 0.550295 0.492510 0.500000 0.010000
1 0.526375 0.530356 0.500000 0.010000
1 0.530665 0.535442 0.500000 0.010000
1 0.531749 0.574396 0.500000 0.010000
1 0.517527 0.578148 0.500000 0.010000
1 0.543940 0.588043 0.500000 0.010000
1 0.541303 0.617016 0.500000 0.011577
1 0.528670 0.635303 0.500000 0.017539
1 0.526752 0.653559 0.500000 0.010000
1 0.566480 0.668801 0.500000 0.010000
1 0.506369 0.694414 0.500000 0.010000
1 0.509976 0.747704 0.500000 0.010000
1 0.514847 0.762686 0.500000 0.010000
1 0.545419 0.788499 0.500000 0.018406
