1 0.529943 0.340377 0.500000 0.010000
1 0.518620 0.343861 0.500000 0.011069
1 0.539047 0.388574 0.500000 0.010000
1 0.547574 0.410555 0.500000 0.010000
1 0.522199 0.457170 0.500000 0.010000
1 0.523653 0.489072 0.500000 0.010000
1 0.538170 0.503589 0.500000 0.013768
1 0.550471 0.507386 0.500000 0.010000
1 0.525832 0.528359 0.500000 0.010000
1 0.540393 0.561195 0.500000 0.010000
1 0.534825 0.571621 0.500000 0.010000
1 0.520160 0.617327 0.500000 0.010000
1 0.535547 0.625884 0.500000 0.017961
1 0.544844 0.637382 0.500000 0.010000
1 0.548243 0.683436 0.500000 0.010212
1 0.537713 0.669514 0.500000 0.014836
1 0.520825 0.704443 0.500000 0.012663
1 0.536095 0.740560 0.500000 0.014835
1 0.539727 0.773282 0.500000 0.023715
1 0.511640 0.781920 0.500000 0.016035
