1 0.509050 0.304368 0.500000 0.010000
1 0.525042 0.348428 0.500000 0.010000
1 0.544834 0.384182 0.500000 0.010000
1 0.528489 0.405544 0.500000 0.010000
1 0.526654 0.430773 0.500000 0.010000
1 0.551867 0.488650 0.500000 0.010000
1 0.554123 0.523809 0.500000 0.010000
1 0.534370 0.522130 0.500000 0.010000
1 0.525675 0.546617 0.500000 0.010000
1 0.530362 0.573836 0.500000 0.010000
1 0.527829 0.587292 0.500000 0.010000
1 0.544881 0.588200 0.500000 0.015774
1 0.519397 0.606239 0.500000 0.016271
1 0.555908 0.636314 0.500000 0.010000
1 0.548196 0.688528 0.500000 0.010000
1 0.545144 0.679805 0.500000 0.010000
1 0.505410 0.698644 0.500000 0.010000
1 0.528369 0.725024 0.500000 0.010000
1 0.542740 0.758918 0.500000 0.016396
1 0.535933 0.758022 0.500000 0.018983
