1 0.516171 0.314258 0.500000 0.012823
1 0.520552 0.365245 0.500000 0.010000
1 0.530965 0.366228 0.500000 0.010000
1 0.523148 0.408530 0.500000 0.010000
1 0.523838 0.449403 0.500000 0.010000
1 0.550481 0.487390 0.500000 0.010000
1 0.528725 0.505958 0.500000 0.010000
1 0.537091 0.511582 0.500000 0.011902
1 0.525813 0.543710 0.500000 0.010000
1 0.544142 0.578612 0.500000 0.010000
1 0.533097 0.582331 0.500000 0.010000
1 0.538497 0.595562 0.500000 0.010000
1 0.519947 0.624324 0.500000 0.010000
1 0.524426 0.665031 0.500000 0.013617
1 0.554340 0.676777 0.500000 0.020621
1 0.548358 0.705311 0.500000 0.013141
1 0.527469 0.701316 0.500000 0.010000
1 0.528349 0.734935 0.500000 0.010000
1 0.516117 0.744531 0.500000 0.025120
1 0.537218 0.759303 0.500000 0.013937
