1 0.540873 0.322917 0.500000 0.010000
1 0.530659 0.358272 0.500000 0.010000
1 0.528489 0.361372 0.500000 0.010000
1 0.527484 0.393020 0.500000 0.010000
1 0.541078 0.441115 0.500000 0.010014
1 0.522371 0.492730 0.500000 0.010000
1 0.535281 0.498923 0.500000 0.012290
1 0.521289 0.532193 0.500000 0.010000
1 0.512938 0.541162 0.500000 0.010000
1 0.557174 0.582861 0.500000 0.010000
1 0.548952 0.582156 0.500000 0.010000
1 0.541477 0.621118 0.500000 0.013271
1 0.556544 0.623755 0.500000 0.016962
1 0.554870 0.645080 0.500000 0.010000
1 0.544788 0.678344 0.500000 0.021086
1 0.548575 0.690048 0.500000 0.012495
1 0.501179 0.724561 0.500000 0.011045
1 0.543029 0.743784 0.500000 0.010000
1 0.538553 0.738929 0.500000 0.010000
1 0.535674 0.766255 0.500000 0.019681
