1 0.507533 0.311115 0.500000 0.010000
1 0.532111 0.349538 0.500000 0.010000
1 0.552760 0.382493 0.500000 0.010423
1 0.533147 0.383906 0.500000 0.010000
1 0.548150 0.451361 0.500000 0.010000
1 0.522758 0.476181 0.500000 0.010000
1 0.549292 0.485584 0.500000 0.010000
1 0.551986 0.510570 0.500000 0.010000
1 0.528428 0.536586 0.500000 0.010000
1 0.558059 0.556117 0.500000 0.011621
1 0.541446 0.597557 0.500000 0.010000
1 0.532811 0.608621 0.500000 0.010000
1 0.523102 0.620264 0.500000 0.010000
1 0.553967 0.656479 0.500000 0.015177
1 0.548047 0.684721 0.500000 0.010000
1 0.528626 0.700680 0.500000 0.010000
1 0.500769 0.707514 0.500000 0.010000
1 0.526739 0.748709 0.500000 0.010196
1 0.517978 0.767489 0.500000 0.024592
1 0.532570 0.789585 0.500000 0.017438
