1 0.537131 0.313211 0.500000 0.010000
1 0.532114 0.357891 0.500000 0.010000
1 0.533812 0.380233 0.500000 0.010000
1 0.547587 0.373883 0.500000 0.010000
1 0.533596 0.450576 0.500000 0.010000
1 0.524829 0.475193 0.500000 0.010000
1 0.531056 0.505505 0.500000 0.010000
1 0.521189 0.510891 0.500000 0.010000
1 0.548189 0.522367 0.500000 0.010000
1 0.541726 0.575546 0.500000 0.010000
1 0.529745 0.570895 0.500000 0.010000
1 0.519032 0.585952 0.500000 0.010000
1 0.555096 0.616278 0.500000 0.011567
1 0.532037 0.636983 0.500000 0.020178
1 0.531736 0.688939 0.500000 0.018211
1 0.532875 0.693199 0.500000 0.016019
1 0.528559 0.693595 0.500000 0.010000
1 0.532192 0.738146 0.500000 0.016769
1 0.543290 0.770833 0.500000 0.014618
1 0.534149 0.781020 0.500000 0.016723
