1 0.512176 0.341334 0.500000 0.010000
1 0.521097 0.366888 0.500000 0.010015
1 0.516040 0.381858 0.500000 0.010000
1 0.530759 0.393975 0.500000 0.010000
1 0.535698 0.454355 0.500000 0.010000
1 0.528658 0.476346 0.500000 0.010000
1 0.541092 0.524620 0.500000 0.010000
1 0.529327 0.532059 0.500000 0.010000
1 0.518567 0.530067 0.500000 0.010000
1 0.534706 0.573190 0.500000 0.013883
1 0.528333 0.585205 0.500000 0.010000
1 0.536039 0.597275 0.500000 0.010000
1 0.535209 0.615216 0.500000 0.016765
1 0.525735 0.646972 0.500000 0.018505
1 0.540055 0.676911 0.500000 0.021163
1 0.552012 0.693056 0.500000 0.013633
1 0.517724 0.705124 0.500000 0.010000
1 0.533054 0.743262 0.500000 0.010000
1 0.518300 0.757495 0.500000 0.018254
1 0.542134 0.785333 0.500000 0.018117
