1 0.534587 0.330987 0.500000 0.010000
1 0.548277 0.355002 0.500000 0.010000
1 0.548313 0.379913 0.500000 0.010000
1 0.546355 0.412204 0.500000 0.010000
1 0.532919 0.466986 0.500000 0.010000
1 0.526572 0.477401 0.500000 0.010000
1 0.555242 0.500182 0.500000 0.010000
1 0.547648 0.501010 0.500000 0.010000
1 0.545503 0.553009 0.500000 0.010868
1 0.531090 0.578204 0.500000 0.010000
1 0.543702 0.570572 0.500000 0.010000
1 0.535109 0.586860 0.500000 0.010000
1 0.547584 0.620284 0.500000 0.010000
1 0.547828 0.647997 0.500000 0.012766
1 0.520460 0.681743 0.500000 0.023307
1 0.562497 0.693915 0.500000 0.018836
1 0.508999 0.714508 0.500000 0.010000
1 0.520866 0.723781 0.500000 0.010000
1 0.534477 0.746151 0.500000 0.020477
1 0.532600 0.766492 0.500000 0.012005
