1 0.514079 0.336544 0.500000 0.010000
1 0.531383 0.347696 0.500000 0.010000
1 0.525619 0.368126 0.500000 0.010000
1 0.524391 0.392994 0.500000 0.010000
1 0.546148 0.461820 0.500000 0.010000
1 0.535331 0.495203 0.500000 0.010000
1 0.530223 0.512022 0.500000 0.010000
1 0.516502 0.504434 0.500000 0.010000
1 0.513335 0.546662 0.500000 0.010000
1 0.520453 0.550996 0.500000 0.010000
1 0.534743 0.594842 0.500000 0.010999
1 0.531988 0.596621 0.500000 0.010000
1 0.552980 0.615705 0.500000 0.010000
1 0.541173 0.638454 0.500000 0.010000
1 0.527003 0.678543 0.500000 0.015643
1 0.561583 0.677000 0.500000 0.016137
1 0.519226 0.716596 0.500000 0.013543
1 0.534039 0.728184 0.500000 0.021803
1 0.508329 0.759402 0.500000 0.015008
1 0.538502 0.765880 0.500000 0.023322
