1 0.541464 0.342628 0.500000 0.010000
1 0.526873 0.334842 0.500000 0.010000
1 0.536060 0.391529 0.500000 0.010000
1 0.515542 0.396432 0.500000 0.010000
1 0.544126 0.454651 0.500000 0.010000
1 0.527857 0.467260 0.500000 0.010000
1 0.539472 0.500851 0.500000 0.010000
1 0.515817 0.533137 0.500000 0.010000
1 0.514535 0.532369 0.500000 0.010000
1 0.528814 0.559430 0.500000 0.010523
1 0.548403 0.579649 0.500000 0.017495
1 0.533956 0.596075 0.500000 0.010000
1 0.530466 0.610542 0.500000 0.010000
1 0.555206 0.641675 0.500000 0.010000
1 0.541083 0.679355 0.500000 0.018536
1 0.535665 0.691060 0.500000 0.010000
1 0.509396 0.714199 0.500000 0.013327
1 0.528992 0.720303 0.500000 0.015971
1 0.530465 0.761727 0.500000 0.015817
1 0.516686 0.767321 0.500000 0.018857
