1 0.522300 0.323233 0.500000 0.010000
1 0.547075 0.360419 0.500000 0.010000
1 0.524276 0.369954 0.500000 0.010000
1 0.549875 0.373740 0.500000 0.010000
1 0.539658 0.433742 0.500000 0.010000
1 0.514843 0.474852 0.500000 0.010000
1 0.558211 0.492391 0.500000 0.010000
1 0.517692 0.533557 0.500000 0.010000
1 0.515168 0.540062 0.500000 0.010000
1 0.541160 0.574603 0.500000 0.013722
1 0.528580 0.588547 0.500000 0.016548
1 0.518645 0.613401 0.500000 0.010000
1 0.545274 0.636457 0.500000 0.010000
1 0.558926 0.651370 0.500000 0.010000
1 0.553500 0.676074 0.500000 0.021735
1 0.530973 0.667681 0.500000 0.015852
1 0.499469 0.722595 0.500000 0.010000
1 0.542098 0.741514 0.500000 0.013921
1 0.528610 0.738325 0.500000 0.022016
1 0.522506 0.773592 0.500000 0.016170
