1 0.543849 0.331873 0.500000 0.010000
1 0.516905 0.352016 0.500000 0.010000
1 0.520988 0.367873 0.500000 0.010000
1 0.544171 0.373249 0.500000 0.010000
1 0.523782 0.452155 0.500000 0.010000
1 0.514959 0.483163 0.500000 0.010000
1 0.555829 0.488041 0.500000 0.010000
1 0.539891 0.517963 0.500000 0.010648
1 0.512109 0.553142 0.500000 0.010000
1 0.555081 0.560375 0.500000 0.010000
1 0.519368 0.603510 0.500000 0.013106
1 0.520991 0.586287 0.500000 0.010000
1 0.521362 0.614426 0.500000 0.010000
1 0.542871 0.657996 0.500000 0.010000
1 0.522938 0.679796 0.500000 0.010000
1 0.567579 0.696724 0.500000 0.014427
1 0.513210 0.707316 0.500000 0.010000
1 0.524124 0.714600 0.500000 0.018763
1 0.528735 0.769659 0.500000 0.014600
1 0.534765 0.768674 0.500000 0.017681
