1 0.517938 0.315668 0.500000 0.010000
1 0.513585 0.338810 0.500000 0.010000
1 0.542349 0.362050 0.500000 0.010000
1 0.524591 0.386586 0.500000 0.010000
1 0.547752 0.442186 0.500000 0.011058
1 0.544637 0.458681 0.500000 0.010000
1 0.550540 0.510031 0.500000 0.010000
1 0.517451 0.511525 0.500000 0.010000
1 0.534861 0.555027 0.500000 0.010617
1 0.519730 0.561878 0.500000 0.010000
1 0.537179 0.590029 0.500000 0.011826
1 0.534746 0.586749 0.500000 0.010000
1 0.521831 0.621107 0.500000 0.010000
1 0.532656 0.661207 0.500000 0.010000
1 0.533030 0.687292 0.500000 0.018319
1 0.556641 0.673773 0.500000 0.014464
1 0.519749 0.693705 0.500000 0.018698
1 0.516243 0.750287 0.500000 0.010162
1 0.544547 0.757446 0.500000 0.010000
1 0.523211 0.764910 0.500000 0.017132
