1 0.539303 0.331044 0.500000 0.010000
1 0.533388 0.337180 0.500000 0.010000
1 0.550729 0.378052 0.500000 0.010000
1 0.516696 0.395948 0.500000 0.010000
1 0.536821 0.434033 0.500000 0.010000
1 0.539434 0.470990 0.500000 0.010000
1 0.521616 0.497818 0.500000 0.013380
1 0.533446 0.526407 0.500000 0.010000
1 0.513888 0.550496 0.500000 0.010000
1 0.528673 0.559076 0.500000 0.011365
1 0.551634 0.605492 0.500000 0.010000
1 0.554777 0.592878 0.500000 0.017890
1 0.529422 0.640050 0.500000 0.010000
1 0.533439 0.650528 0.500000 0.020129
1 0.557508 0.672795 0.500000 0.017087
1 0.567889 0.696998 0.500000 0.010635
1 0.501910 0.689621 0.500000 0.010000
1 0.529076 0.718564 0.500000 0.010000
1 0.529637 0.769021 0.500000 0.024554
1 0.539853 0.787857 0.500000 0.015039
