1 0.540756 0.326450 0.500000 0.010000
1 0.525917 0.330657 0.500000 0.010000
1 0.539519 0.366013 0.500000 0.010000
1 0.548539 0.412233 0.500000 0.010000
1 0.550744 0.434575 0.500000 0.010000
1 0.532865 0.459989 0.500000 0.010000
1 0.542948 0.502200 0.500000 0.013883
1 0.544385 0.516731 0.500000 0.010000
1 0.523194 0.540509 0.500000 0.010000
1 0.528146 0.578926 0.500000 0.010000
1 0.537845 0.585213 0.500000 0.010000
1 0.517274 0.600778 0.500000 0.010000
1 0.549285 0.611884 0.500000 0.016220
1 0.527143 0.644241 0.500000 0.014636
1 0.518324 0.655364 0.500000 0.010000
1 0.545635 0.690293 0.500000 0.010000
1 0.519729 0.722321 0.500000 0.016155
1 0.531640 0.722600 0.500000 0.016640
1 0.538766 0.755461 0.500000 0.025548
1 0.519955 0.782388 0.500000 0.022708
