1 0.513990 0.340918 0.500000 0.010000
1 0.521160 0.343769 0.500000 0.010000
1 0.519197 0.368555 0.500000 0.010000
1 0.520422 0.403390 0.500000 0.010000
1 0.548220 0.432499 0.500000 0.010000
1 0.540128 0.468160 0.500000 0.010000
1 0.554809 0.512262 0.500000 0.010749
1 0.548782 0.500022 0.500000 0.010000
1 0.513550 0.531854 0.500000 0.011670
1 0.528735 0.561191 0.500000 0.011738
1 0.517503 0.579901 0.500000 0.010000
1 0.548194 0.616373 0.500000 0.010000
1 0.530428 0.609707 0.500000 0.010000
1 0.530634 0.665740 0.500000 0.015844
1 0.522430 0.652924 0.500000 0.010000
1 0.530428 0.695526 0.500000 0.010000
1 0.509093 0.699182 0.500000 0.010000
1 0.540385 0.730237 0.500000 0.010103
1 0.538644 0.746404 0.500000 0.010000
1 0.518643 0.764604 0.500000 0.023657
