1 0.538025 0.322769 0.500000 0.010000
1 0.523589 0.366011 0.500000 0.010000
1 0.549415 0.360738 0.500000 0.010000
1 0.548027 0.383121 0.500000 0.010000
1 0.521539 0.435857 0.500000 0.010000
1 0.514261 0.488877 0.500000 0.010000
1 0.548030 0.501155 0.500000 0.010000
1 0.531614 0.528370 0.500000 0.010000
1 0.523631 0.545787 0.500000 0.010000
1 0.533832 0.555120 0.500000 0.010000
1 0.542416 0.577925 0.500000 0.010000
1 0.547438 0.612301 0.500000 0.013844
1 0.542004 0.601770 0.500000 0.010000
1 0.544419 0.629415 0.500000 0.010000
1 0.553980 0.658027 0.500000 0.015479
1 0.566381 0.701241 0.500000 0.017988
1 0.530351 0.717924 0.500000 0.013429
1 0.540803 0.744556 0.500000 0.023760
1 0.530200 0.758554 0.500000 0.018207
1 0.514857 0.763453 0.500000 0.022619
