1 0.541724 0.330739 0.500000 0.010000
1 0.525871 0.362097 0.500000 0.010000
1 0.553720 0.358729 0.500000 0.010000
1 0.525226 0.396350 0.500000 0.010000
1 0.555122 0.464145 0.500000 0.010000
1 0.517675 0.463283 0.500000 0.010000
1 0.560130 0.513066 0.500000 0.010000
1 0.531682 0.513065 0.500000 0.010000
1 0.518348 0.523843 0.500000 0.010947
1 0.548702 0.569808 0.500000 0.010493
1 0.552331 0.581814 0.500000 0.010000
1 0.538704 0.625562 0.500000 0.013277
1 0.547871 0.615161 0.500000 0.010000
1 0.528698 0.633284 0.500000 0.010000
1 0.555560 0.666282 0.500000 0.015725
1 0.551353 0.684789 0.500000 0.010000
1 0.507206 0.728254 0.500000 0.014670
1 0.506018 0.727368 0.500000 0.010000
1 0.510893 0.768452 0.500000 0.010121
1 0.510198 0.773289 0.500000 0.019824
