1 0.520348 0.313740 0.500000 0.010000
1 0.543995 0.368849 0.500000 0.010000
1 0.514042 0.384940 0.500000 0.010000
1 0.516347 0.387790 0.500000 0.010000
1 0.543439 0.461902 0.500000 0.010000
1 0.547285 0.470107 0.500000 0.010000
1 0.526720 0.505543 0.500000 0.010000
1 0.546321 0.504442 0.500000 0.010000
1 0.547851 0.548751 0.500000 0.010855
1 0.520226 0.572415 0.500000 0.010000
1 0.528501 0.600882 0.500000 0.017485
1 0.544149 0.589862 0.500000 0.010260
1 0.524132 0.633516 0.500000 0.016825
1 0.554266 0.664280 0.500000 0.010000
1 0.531916 0.688100 0.500000 0.023885
1 0.566352 0.680452 0.500000 0.010000
1 0.516043 0.702803 0.500000 0.010000
1 0.532202 0.716200 0.500000 0.021588
1 0.521647 0.766740 0.500000 0.015971
1 0.523863 0.786804 0.500000 0.022961
