1 0.515059 0.329400 0.500000 0.010000
1 0.536544 0.340385 0.500000 0.010000
1 0.523131 0.390955 0.500000 0.010000
1 0.536828 0.394021 0.500000 0.010000
1 0.542549 0.457160 0.500000 0.010000
1 0.537986 0.497374 0.500000 0.010000
1 0.543473 0.495613 0.500000 0.010000
1 0.539109 0.516173 0.500000 0.010000
1 0.517443 0.527831 0.500000 0.013795
1 0.552761 0.574098 0.500000 0.010000
1 0.550297 0.585663 0.500000 0.010121
1 0.521233 0.589010 0.500000 0.010000
1 0.553057 0.620992 0.500000 0.010000
1 0.552055 0.656209 0.500000 0.020683
1 0.545603 0.655738 0.500000 0.024479
1 0.561816 0.672122 0.500000 0.010000
1 0.512011 0.706253 0.500000 0.010000
1 0.530781 0.746927 0.500000 0.010000
1 0.542270 0.739180 0.500000 0.022225
1 0.514367 0.772236 0.500000 0.015318
