1 0.511728 0.334021 0.500000 0.010000
1 0.513280 0.342543 0.500000 0.010000
1 0.548594 0.357108 0.500000 0.010000
1 0.538525 0.387480 0.500000 0.010000
1 0.549776 0.458910 0.500000 0.010868
1 0.532871 0.478795 0.500000 0.010000
1 0.555223 0.487069 0.500000 0.010000
1 0.535741 0.502545 0.500000 0.010000
1 0.536864 0.548105 0.500000 0.010000
1 0.522646 0.547783 0.500000 0.010000
1 0.556248 0.605139 0.500000 0.017072
1 0.520184 0.611287 0.500000 0.010000
1 0.545730 0.616225 0.500000 0.015887
1 0.541745 0.654102 0.500000 0.018788
1 0.524972 0.664904 0.500000 0.017923
1 0.540546 0.666709 0.500000 0.011431
1 0.504571 0.702122 0.500000 0.010000
1 0.520676 0.751169 0.500000 0.023781
1 0.524031 0.762157 0.500000 0.015922
1 0.541879 0.762074 0.500000 0.010000
