1 0.528271 0.311522 0.500000 0.010000
1 0.533954 0.359003 0.500000 0.010000
1 0.538287 0.392944 0.500000 0.010000
1 0.511939 0.399275 0.500000 0.010000
1 0.543036 0.433549 0.500000 0.010000
1 0.519080 0.484634 0.500000 0.010000
1 0.556574 0.518998 0.500000 0.010000
1 0.539902 0.499528 0.500000 0.011412
1 0.529900 0.548922 0.500000 0.010000
1 0.549751 0.559156 0.500000 0.010629
1 0.535372 0.575518 0.500000 0.011380
1 0.529838 0.608079 0.500000 0.010000
1 0.545556 0.628607 0.500000 0.010000
1 0.520467 0.635346 0.500000 0.010000
1 0.518272 0.687119 0.500000 0.021236
1 0.532407 0.672935 0.500000 0.020168
1 0.511820 0.705021 0.500000 0.011549
1 0.538391 0.718965 0.500000 0.014252
1 0.532081 0.744772 0.500000 0.020615
1 0.512602 0.765947 0.500000 0.010000
