1 0.525118 0.330260 0.500000 0.010000
1 0.520311 0.367035 0.500000 0.010000
1 0.526324 0.390444 0.500000 0.010000
1 0.522295 0.381875 0.500000 0.010000
1 0.549946 0.465609 0.500000 0.010000
1 0.542935 0.490842 0.500000 0.010000
1 0.551516 0.510681 0.500000 0.010000
1 0.534077 0.504762 0.500000 0.010000
1 0.530622 0.523047 0.500000 0.013800
1 0.531291 0.557307 0.500000 0.010000
1 0.520119 0.596849 0.500000 0.013083
1 0.524927 0.615567 0.500000 0.010000
1 0.552570 0.628541 0.500000 0.015725
1 0.541254 0.664116 0.500000 0.014435
1 0.519047 0.678953 0.500000 0.010000
1 0.529651 0.702379 0.500000 0.010000
1 0.535925 0.701141 0.500000 0.016272
1 0.520653 0.713629 0.500000 0.013656
1 0.528914 0.760664 0.500000 0.014165
1 0.537464 0.780133 0.500000 0.012303
