1 0.510693 0.321305 0.500000 0.010000
1 0.516108 0.334213 0.500000 0.010000
1 0.551032 0.386481 0.500000 0.010000
1 0.530378 0.398377 0.500000 0.010000
1 0.557381 0.468943 0.500000 0.010000
1 0.542667 0.481460 0.500000 0.010000
1 0.527900 0.494711 0.500000 0.010963
1 0.517805 0.516197 0.500000 0.010551
1 0.542052 0.532181 0.500000 0.010658
1 0.525327 0.555684 0.500000 0.010000
1 0.541411 0.599621 0.500000 0.010000
1 0.545866 0.594206 0.500000 0.010000
1 0.525875 0.624135 0.500000 0.010000
1 0.556067 0.659298 0.500000 0.017962
1 0.551350 0.678005 0.500000 0.011275
1 0.555311 0.689210 0.500000 0.012905
1 0.518643 0.706547 0.500000 0.015829
1 0.520213 0.748941 0.500000 0.012021
1 0.542922 0.763318 0.500000 0.010437
1 0.546821 0.759216 0.500000 0.014292
