1 0.508859 0.335991 0.500000 0.012958
1 0.520148 0.336911 0.500000 0.011549
1 0.530445 0.355536 0.500000 0.010000
1 0.531050 0.405568 0.500000 0.010000
1 0.556485 0.434434 0.500000 0.010000
1 0.516352 0.473662 0.500000 0.010000
1 0.542967 0.514852 0.500000 0.010000
1 0.547621 0.517469 0.500000 0.010000
1 0.539105 0.522007 0.500000 0.011588
1 0.521197 0.571362 0.500000 0.012764
1 0.516803 0.569653 0.500000 0.010000
1 0.540148 0.617843 0.500000 0.010000
1 0.541368 0.637548 0.500000 0.010000
1 0.519220 0.636008 0.500000 0.013419
1 0.535515 0.684586 0.500000 0.021892
1 0.544626 0.704062 0.500000 0.016282
1 0.520813 0.719202 0.500000 0.010000
1 0.512606 0.719993 0.500000 0.018850
1 0.513596 0.766250 0.500000 0.012626
1 0.522995 0.790935 0.500000 0.010000
