1 0.530669 0.321450 0.500000 0.010000
1 0.547497 0.335197 0.500000 0.010000
1 0.518302 0.393354 0.500000 0.010000
1 0.528757 0.388702 0.500000 0.010000
1 0.542967 0.457507 0.500000 0.010000
1 0.539638 0.472160 0.500000 0.010000
1 0.557625 0.495086 0.500000 0.010000
1 0.520361 0.536724 0.500000 0.010000
1 0.528011 0.555877 0.500000 0.010000
1 0.532214 0.555171 0.500000 0.010000
1 0.537965 0.589465 0.500000 0.010000
1 0.542728 0.602851 0.500000 0.016128
1 0.542826 0.609865 0.500000 0.013277
1 0.528663 0.633695 0.500000 0.010000
1 0.546859 0.676163 0.500000 0.011090
1 0.531264 0.694768 0.500000 0.010000
1 0.527402 0.703510 0.500000 0.016396
1 0.515846 0.729635 0.500000 0.017198
1 0.539155 0.769806 0.500000 0.024739
1 0.524698 0.764390 0.500000 0.013164
