1 0.530898 0.313910 0.500000 0.010000
1 0.517692 0.348443 0.500000 0.010000
1 0.548619 0.365191 0.500000 0.010000
1 0.549965 0.402300 0.500000 0.010000
1 0.551798 0.445282 0.500000 0.010000
1 0.522658 0.464849 0.500000 0.010000
1 0.527763 0.503332 0.500000 0.010000
1 0.531282 0.523093 0.500000 0.010000
1 0.515421 0.520582 0.500000 0.010359
1 0.536575 0.561509 0.500000 0.010000
1 0.540634 0.587675 0.500000 0.019486
1 0.524938 0.621073 0.500000 0.018847
1 0.551688 0.637318 0.500000 0.018662
1 0.528024 0.628981 0.500000 0.018975
1 0.520651 0.657050 0.500000 0.010000
1 0.549118 0.695160 0.500000 0.016978
1 0.525340 0.693667 0.500000 0.010000
1 0.505262 0.711549 0.500000 0.010000
1 0.541962 0.746950 0.500000 0.010000
1 0.510343 0.785400 0.500000 0.016489
