1 0.524387 0.331499 0.500000 0.010000
1 0.541513 0.336038 0.500000 0.010000
1 0.526337 0.368998 0.500000 0.010000
1 0.540613 0.395764 0.500000 0.010000
1 0.537314 0.465948 0.500000 0.010967
1 0.539060 0.472100 0.500000 0.010000
1 0.541873 0.520156 0.500000 0.010000
1 0.532241 0.504085 0.500000 0.012088
1 0.523618 0.547370 0.500000 0.010000
1 0.520878 0.561564 0.500000 0.010000
1 0.545004 0.599843 0.500000 0.018875
1 0.541616 0.591318 0.500000 0.010435
1 0.550099 0.607155 0.500000 0.010000
1 0.557206 0.646366 0.500000 0.010000
1 0.534402 0.688135 0.500000 0.013838
1 0.565405 0.698933 0.500000 0.010000
1 0.509043 0.701122 0.500000 0.010000
1 0.511907 0.728587 0.500000 0.019876
1 0.507912 0.760160 0.500000 0.015413
1 0.520389 0.755045 0.500000 0.010666
