1 0.528220 0.329112 0.500000 0.010000
1 0.510184 0.354845 0.500000 0.010000
1 0.533668 0.388706 0.500000 0.010000
1 0.544846 0.408198 0.500000 0.010000
1 0.543535 0.447690 0.500000 0.010000
1 0.532058 0.496275 0.500000 0.010000
1 0.543645 0.499789 0.500000 0.011878
1 0.549731 0.510447 0.500000 0.010000
1 0.538093 0.536977 0.500000 0.010000
1 0.557798 0.557937 0.500000 0.010000
1 0.550825 0.569185 0.500000 0.010000
1 0.525532 0.596618 0.500000 0.010000
1 0.549833 0.606489 0.500000 0.010000
1 0.532571 0.650810 0.500000 0.010000
1 0.556793 0.657671 0.500000 0.023348
1 0.530620 0.668048 0.500000 0.010000
1 0.514474 0.696862 0.500000 0.010000
1 0.524451 0.718657 0.500000 0.012267
1 0.529477 0.740505 0.500000 0.025234
1 0.541494 0.789420 0.500000 0.010821
