1 0.509879 0.335370 0.500000 0.012790
1 0.535520 0.345951 0.500000 0.010670
1 0.547092 0.391721 0.500000 0.010000
1 0.512066 0.395053 0.500000 0.010000
1 0.540287 0.464204 0.500000 0.010000
1 0.517396 0.464308 0.500000 0.010000
1 0.552807 0.488014 0.500000 0.010000
1 0.540434 0.521945 0.500000 0.011254
1 0.540811 0.526715 0.500000 0.010000
1 0.549184 0.574644 0.500000 0.012382
1 0.517402 0.586250 0.500000 0.010000
1 0.530206 0.590574 0.500000 0.010000
1 0.536291 0.639809 0.500000 0.012553
1 0.558461 0.664655 0.500000 0.016925
1 0.547492 0.671594 0.500000 0.010000
1 0.559306 0.674530 0.500000 0.010000
1 0.499035 0.705354 0.500000 0.019068
1 0.530416 0.726016 0.500000 0.010451
1 0.529439 0.758382 0.500000 0.023862
1 0.544717 0.779906 0.500000 0.021982
