1 0.546628 0.335423 0.500000 0.010000
1 0.533706 0.355641 0.500000 0.010000
1 0.541628 0.375298 0.500000 0.010000
1 0.532052 0.381039 0.500000 0.010000
1 0.557085 0.448365 0.500000 0.010000
1 0.527597 0.483516 0.500000 0.010000
1 0.534030 0.503559 0.500000 0.010000
1 0.533827 0.506380 0.500000 0.010000
1 0.523911 0.543700 0.500000 0.010000
1 0.536054 0.565116 0.500000 0.013211
1 0.542896 0.605124 0.500000 0.019172
1 0.531950 0.589057 0.500000 0.015400
1 0.523242 0.621056 0.500000 0.010000
1 0.535122 0.636598 0.500000 0.013233
1 0.518811 0.672884 0.500000 0.010000
1 0.538900 0.672839 0.500000 0.012851
1 0.517071 0.711832 0.500000 0.010000
1 0.509135 0.724902 0.500000 0.010000
1 0.513997 0.770082 0.500000 0.010000
1 0.519831 0.787675 0.500000 0.013552
