1 0.514160 0.325099 0.500000 0.011707
1 0.534451 0.347423 0.500000 0.010000
1 0.514283 0.394944 0.500000 0.010000
1 0.525038 0.377109 0.500000 0.010000
1 0.555952 0.450555 0.500000 0.010350
1 0.544195 0.481661 0.500000 0.010000
1 0.532861 0.519710 0.500000 0.010000
1 0.525856 0.509828 0.500000 0.010000
1 0.513686 0.524876 0.500000 0.011135
1 0.525096 0.553679 0.500000 0.010000
1 0.535093 0.575144 0.500000 0.010000
1 0.535112 0.602372 0.500000 0.010000
1 0.525943 0.621712 0.500000 0.010000
1 0.552693 0.642123 0.500000 0.010000
1 0.532439 0.678393 0.500000 0.010000
1 0.529261 0.666954 0.500000 0.015349
1 0.506115 0.689776 0.500000 0.010000
1 0.527362 0.732874 0.500000 0.019858
1 0.506042 0.754416 0.500000 0.015365
1 0.536813 0.779298 0.500000 0.010000
