1 0.527834 0.340954 0.500000 0.010000
1 0.523406 0.347450 0.500000 0.010000
1 0.546939 0.392113 0.500000 0.010000
1 0.548640 0.383874 0.500000 0.010000
1 0.523257 0.446247 0.500000 0.010000
1 0.522273 0.483326 0.500000 0.010000
1 0.527767 0.502875 0.500000 0.010000
1 0.551503 0.505798 0.500000 0.010000
1 0.523466 0.527919 0.500000 0.010000
1 0.531854 0.578638 0.500000 0.010000
1 0.544474 0.577203 0.500000 0.011024
1 0.533286 0.610103 0.500000 0.015689
1 0.520650 0.603033 0.500000 0.011348
1 0.519261 0.629666 0.500000 0.020783
1 0.525756 0.673231 0.500000 0.014325
1 0.532881 0.668345 0.500000 0.010000
1 0.535435 0.704678 0.500000 0.010000
1 0.509895 0.725708 0.500000 0.023114
1 0.528697 0.764904 0.500000 0.012653
1 0.532654 0.765249 0.500000 0.010000
