1 0.529994 0.312999 0.500000 0.010000
1 0.521449 0.336125 0.500000 0.010000
1 0.535806 0.370820 0.500000 0.010000
1 0.515205 0.386101 0.500000 0.010000
1 0.525566 0.433572 0.500000 0.010000
1 0.523007 0.484237 0.500000 0.010000
1 0.547087 0.494719 0.500000 0.010000
1 0.536543 0.527068 0.500000 0.010608
1 0.540305 0.528878 0.500000 0.011211
1 0.531488 0.551298 0.500000 0.010000
1 0.517081 0.601803 0.500000 0.014572
1 0.550823 0.614498 0.500000 0.010000
1 0.521451 0.606292 0.500000 0.011784
1 0.524612 0.649105 0.500000 0.015917
1 0.537959 0.674081 0.500000 0.020334
1 0.560803 0.668177 0.500000 0.010000
1 0.527667 0.697727 0.500000 0.020428
1 0.530868 0.729053 0.500000 0.014475
1 0.531086 0.751034 0.500000 0.011870
1 0.539049 0.787972 0.500000 0.010000
