1 0.525130 0.305875 0.500000 0.010000
1 0.540234 0.331695 0.500000 0.010000
1 0.544142 0.384636 0.500000 0.010000
1 0.524842 0.384736 0.500000 0.010000
1 0.543002 0.455259 0.500000 0.010347
1 0.543096 0.478019 0.500000 0.010000
1 0.544424 0.495873 0.500000 0.010000
1 0.549132 0.523420 0.500000 0.010000
1 0.539860 0.521694 0.500000 0.010000
1 0.542895 0.556925 0.500000 0.010000
1 0.548162 0.569234 0.500000 0.010000
1 0.526144 0.588462 0.500000 0.016719
1 0.537533 0.615145 0.500000 0.010355
1 0.555249 0.652154 0.500000 0.010000
1 0.521969 0.670456 0.500000 0.010000
1 0.544445 0.681564 0.500000 0.010000
1 0.501419 0.728090 0.500000 0.011940
1 0.542111 0.714703 0.500000 0.010000
1 0.512666 0.769101 0.500000 0.011699
1 0.544183 0.789982 0.500000 0.024499
