1 0.510739 0.314807 0.500000 0.010000
1 0.509668 0.356312 0.500000 0.010000
1 0.533599 0.366601 0.500000 0.010000
1 0.529149 0.388894 0.500000 0.010000
1 0.523469 0.439129 0.500000 0.010000
1 0.545267 0.486179 0.500000 0.010000
1 0.550844 0.498102 0.500000 0.010000
1 0.523261 0.532929 0.500000 0.010000
1 0.536274 0.521922 0.500000 0.013826
1 0.547422 0.550581 0.500000 0.010000
1 0.527848 0.572136 0.500000 0.010000
1 0.522976 0.591083 0.500000 0.010000
1 0.542867 0.638719 0.500000 0.012471
1 0.524714 0.656577 0.500000 0.019401
1 0.541176 0.679201 0.500000 0.015492
1 0.536908 0.704383 0.500000 0.010424
1 0.509972 0.706351 0.500000 0.018133
1 0.510338 0.746523 0.500000 0.010000
1 0.534942 0.769953 0.500000 0.016821
1 0.532044 0.780585 0.500000 0.010000
