1 0.536875 0.325453 0.500000 0.010000
1 0.543448 0.363613 0.500000 0.010000
1 0.515710 0.369285 0.500000 0.010000
1 0.546449 0.395027 0.500000 0.010000
1 0.524652 0.432314 0.500000 0.010608
1 0.521232 0.465835 0.500000 0.010000
1 0.559038 0.504846 0.500000 0.010000
1 0.524602 0.529101 0.500000 0.011599
1 0.523489 0.529509 0.500000 0.010000
1 0.544547 0.546255 0.500000 0.010000
1 0.534573 0.588680 0.500000 0.010000
1 0.527366 0.607926 0.500000 0.015932
1 0.526236 0.628901 0.500000 0.014150
1 0.520678 0.645379 0.500000 0.010000
1 0.536417 0.652684 0.500000 0.025219
1 0.532489 0.687304 0.500000 0.010000
1 0.522606 0.705806 0.500000 0.010000
1 0.515623 0.739521 0.500000 0.021544
1 0.507137 0.737328 0.500000 0.012951
1 0.541001 0.759223 0.500000 0.019134
