1 0.527492 0.313422 0.500000 0.010000
1 0.511743 0.331924 0.500000 0.010000
1 0.530522 0.362421 0.500000 0.010000
1 0.533596 0.397909 0.500000 0.010000
1 0.554105 0.459136 0.500000 0.010000
1 0.538952 0.478988 0.500000 0.010000
1 0.529681 0.519471 0.500000 0.010000
1 0.536148 0.501132 0.500000 0.010000
1 0.519383 0.533336 0.500000 0.014586
1 0.542089 0.560125 0.500000 0.010000
1 0.542510 0.587092 0.500000 0.014325
1 0.542776 0.620190 0.500000 0.010000
1 0.523703 0.636138 0.500000 0.010000
1 0.527965 0.661842 0.500000 0.012667
1 0.546011 0.658143 0.500000 0.019805
1 0.536772 0.671292 0.500000 0.010328
1 0.511411 0.701293 0.500000 0.011244
1 0.530672 0.737668 0.500000 0.014846
1 0.519021 0.767719 0.500000 0.019718
1 0.527973 0.768027 0.500000 0.010000
