1 0.520215 0.303689 0.500000 0.011013
1 0.529588 0.367431 0.500000 0.010000
1 0.527868 0.384902 0.500000 0.010000
1 0.531465 0.383471 0.500000 0.010000
1 0.555897 0.439025 0.500000 0.010000
1 0.549067 0.491181 0.500000 0.010000
1 0.560159 0.504310 0.500000 0.010000
1 0.545457 0.516579 0.500000 0.010000
1 0.525157 0.524643 0.500000 0.010000
1 0.535791 0.571736 0.500000 0.010000
1 0.539148 0.595700 0.500000 0.014633
1 0.544981 0.601842 0.500000 0.010000
1 0.544918 0.611472 0.500000 0.017729
1 0.519542 0.665449 0.500000 0.010000
1 0.551890 0.682463 0.500000 0.018307
1 0.561946 0.695769 0.500000 0.018911
1 0.515725 0.696457 0.500000 0.010000
1 0.527715 0.739912 0.500000 0.010000
1 0.516593 0.743118 0.500000 0.020130
1 0.509993 0.790474 0.500000 0.017635
