1 0.509741 0.308603 0.500000 0.011109
1 0.521503 0.359936 0.500000 0.010000
1 0.519169 0.366798 0.500000 0.010209
1 0.528700 0.384951 0.500000 0.010000
1 0.532734 0.438376 0.500000 0.010000
1 0.544930 0.481885 0.500000 0.010000
1 0.537059 0.499765 0.500000 0.012433
1 0.529029 0.503417 0.500000 0.010000
1 0.537378 0.541471 0.500000 0.010000
1 0.544631 0.571624 0.500000 0.010000
1 0.556096 0.584811 0.500000 0.011569
1 0.553423 0.625634 0.500000 0.010000
1 0.550021 0.609738 0.500000 0.016033
1 0.536946 0.663395 0.500000 0.010000
1 0.551545 0.690083 0.500000 0.023614
1 0.532574 0.704081 0.500000 0.010000
1 0.503548 0.717288 0.500000 0.012321
1 0.534341 0.748977 0.500000 0.010000
1 0.540132 0.738129 0.500000 0.025365
1 0.530228 0.765725 0.500000 0.011429
