1 0.518098 0.307255 0.500000 0.010000
1 0.518398 0.340094 0.500000 0.010000
1 0.537550 0.384119 0.500000 0.010000
1 0.549363 0.373024 0.500000 0.010000
1 0.539811 0.462677 0.500000 0.010000
1 0.551054 0.487890 0.500000 0.010000
1 0.541696 0.503441 0.500000 0.010000
1 0.547180 0.518608 0.500000 0.010000
1 0.547262 0.517813 0.500000 0.010000
1 0.547365 0.561022 0.500000 0.012587
1 0.556317 0.602758 0.500000 0.010000
1 0.518234 0.593672 0.500000 0.010000
1 0.526417 0.630107 0.500000 0.013266
1 0.530493 0.657270 0.500000 0.013151
1 0.529415 0.689613 0.500000 0.010000
1 0.551072 0.675870 0.500000 0.010000
1 0.506581 0.707975 0.500000 0.010000
1 0.504204 0.736840 0.500000 0.016278
1 0.521272 0.742416 0.500000 0.014490
1 0.528054 0.762801 0.500000 0.010000
