1 0.511567 0.321034 0.500000 0.010000
1 0.517790 0.354166 0.500000 0.010191
1 0.539035 0.363307 0.500000 0.010000
1 0.540477 0.374173 0.500000 0.010000
1 0.556626 0.466843 0.500000 0.010000
1 0.535819 0.477726 0.500000 0.010000
1 0.551092 0.506287 0.500000 0.010000
1 0.537001 0.528573 0.500000 0.010000
1 0.529043 0.521482 0.500000 0.010000
1 0.556315 0.559340 0.500000 0.010000
1 0.534809 0.576961 0.500000 0.010124
1 0.553139 0.588694 0.500000 0.010000
1 0.550924 0.605706 0.500000 0.015048
1 0.554452 0.640558 0.500000 0.020428
1 0.552353 0.674623 0.500000 0.020855
1 0.560198 0.666800 0.500000 0.013955
1 0.531519 0.690891 0.500000 0.011251
1 0.541900 0.720538 0.500000 0.012309
1 0.518912 0.747328 0.500000 0.017861
1 0.545733 0.787960 0.500000 0.010617
