1 0.540571 0.309392 0.500000 0.012642
1 0.527470 0.335953 0.500000 0.010000
1 0.525016 0.374454 0.500000 0.010000
1 0.543900 0.381162 0.500000 0.010000
1 0.547996 0.463064 0.500000 0.010000
1 0.529329 0.479193 0.500000 0.010000
1 0.528178 0.503985 0.500000 0.010000
1 0.532814 0.511214 0.500000 0.012808
1 0.521398 0.516953 0.500000 0.010000
1 0.528150 0.583408 0.500000 0.010000
1 0.537271 0.585268 0.500000 0.015387
1 0.543915 0.594226 0.500000 0.012063
1 0.556694 0.615212 0.500000 0.010000
1 0.523632 0.627146 0.500000 0.010000
1 0.531739 0.685513 0.500000 0.010772
1 0.550949 0.673645 0.500000 0.010000
1 0.499157 0.700873 0.500000 0.010000
1 0.542155 0.730518 0.500000 0.015567
1 0.528086 0.771681 0.500000 0.025703
1 0.523702 0.783088 0.500000 0.019830
