1 0.516788 0.340612 0.500000 0.010000
1 0.541466 0.351310 0.500000 0.010000
1 0.515260 0.358296 0.500000 0.010000
1 0.548694 0.387156 0.500000 0.010000
1 0.533311 0.467925 0.500000 0.010000
1 0.514383 0.484324 0.500000 0.010000
1 0.544591 0.495358 0.500000 0.010000
1 0.551934 0.531635 0.500000 0.010000
1 0.521114 0.554293 0.500000 0.010000
1 0.534946 0.575349 0.500000 0.010000
1 0.546664 0.605027 0.500000 0.019339
1 0.534630 0.614864 0.500000 0.010000
1 0.538764 0.627620 0.500000 0.016491
1 0.535027 0.665967 0.500000 0.010000
1 0.554336 0.680434 0.500000 0.010000
1 0.545988 0.695459 0.500000 0.010000
1 0.532457 0.691751 0.500000 0.010000
1 0.505334 0.727071 0.500000 0.021581
1 0.519578 0.754962 0.500000 0.014730
1 0.514830 0.779834 0.500000 0.018792
