1 0.531087 0.331876 0.500000 0.010000
1 0.537693 0.334898 0.500000 0.010000
1 0.520094 0.384095 0.500000 0.010000
1 0.513493 0.412114 0.500000 0.010000
1 0.526389 0.467321 0.500000 0.010000
1 0.533941 0.496436 0.500000 0.010000
1 0.533657 0.500889 0.500000 0.010000
1 0.545094 0.533287 0.500000 0.010000
1 0.546383 0.520752 0.500000 0.010000
1 0.546737 0.544616 0.500000 0.010000
1 0.523974 0.579678 0.500000 0.010000
1 0.552225 0.623639 0.500000 0.010000
1 0.532007 0.630687 0.500000 0.010000
1 0.534213 0.642077 0.500000 0.010000
1 0.555749 0.674354 0.500000 0.021716
1 0.556865 0.700221 0.500000 0.015724
1 0.503938 0.712958 0.500000 0.010000
1 0.507476 0.747919 0.500000 0.016273
1 0.543871 0.750747 0.500000 0.022295
1 0.542380 0.769472 0.500000 0.010000
