1 0.510024 0.330211 0.500000 0.010000
1 0.539469 0.338219 0.500000 0.010000
1 0.531321 0.360702 0.500000 0.010000
1 0.525735 0.406317 0.500000 0.010000
1 0.554746 0.457695 0.500000 0.010000
1 0.529988 0.496426 0.500000 0.010000
1 0.551261 0.501898 0.500000 0.010000
1 0.523717 0.503076 0.500000 0.012338
1 0.548808 0.521748 0.500000 0.010000
1 0.522913 0.552552 0.500000 0.010000
1 0.546119 0.567560 0.500000 0.011822
1 0.523032 0.621163 0.500000 0.018004
1 0.518847 0.612190 0.500000 0.014265
1 0.537053 0.632288 0.500000 0.010000
1 0.534108 0.664105 0.500000 0.016439
1 0.528420 0.680577 0.500000 0.018728
1 0.529312 0.700207 0.500000 0.010000
1 0.517167 0.721705 0.500000 0.013004
1 0.531397 0.761039 0.500000 0.021183
1 0.526594 0.770463 0.500000 0.017722
