1 0.530499 0.311660 0.500000 0.010000
1 0.515416 0.352890 0.500000 0.010000
1 0.533850 0.388985 0.500000 0.010000
1 0.529102 0.393731 0.500000 0.010000
1 0.534491 0.448753 0.500000 0.010000
1 0.537176 0.477577 0.500000 0.010000
1 0.521154 0.491331 0.500000 0.010000
1 0.549128 0.537846 0.500000 0.010000
1 0.529486 0.539304 0.500000 0.010000
1 0.526991 0.573208 0.500000 0.010000
1 0.523727 0.597864 0.500000 0.015709
1 0.522032 0.621713 0.500000 0.018962
1 0.539077 0.631912 0.500000 0.016950
1 0.557865 0.629404 0.500000 0.013514
1 0.533731 0.665915 0.500000 0.010000
1 0.550608 0.704178 0.500000 0.019991
1 0.504542 0.723249 0.500000 0.019925
1 0.534826 0.736584 0.500000 0.012400
1 0.534555 0.738261 0.500000 0.013455
1 0.541897 0.761254 0.500000 0.012409
