1 0.516437 0.337611 0.500000 0.010000
1 0.545952 0.344430 0.500000 0.010000
1 0.539814 0.386586 0.500000 0.010000
1 0.530212 0.380840 0.500000 0.010000
1 0.544218 0.454478 0.500000 0.010000
1 0.517059 0.467880 0.500000 0.010000
1 0.551809 0.486916 0.500000 0.010000
1 0.533240 0.525745 0.500000 0.011591
1 0.513775 0.550010 0.500000 0.010000
1 0.543055 0.582641 0.500000 0.010000
1 0.524909 0.602977 0.500000 0.010000
1 0.536516 0.607322 0.500000 0.010000
1 0.556032 0.619647 0.500000 0.010000
1 0.548507 0.648177 0.500000 0.010000
1 0.520777 0.653097 0.500000 0.011124
1 0.555845 0.688282 0.500000 0.017807
1 0.499697 0.711547 0.500000 0.010000
1 0.535444 0.742973 0.500000 0.010000
1 0.512495 0.757219 0.500000 0.012014
1 0.525590 0.790692 0.500000 0.016713
