1 0.521370 0.320040 0.500000 0.011743
1 0.514929 0.340997 0.500000 0.010000
1 0.549202 0.364380 0.500000 0.010000
1 0.534323 0.380156 0.500000 0.010000
1 0.528512 0.455641 0.500000 0.010000
1 0.530391 0.490549 0.500000 0.010000
1 0.527793 0.520915 0.500000 0.010000
1 0.549641 0.521608 0.500000 0.010000
1 0.523545 0.541951 0.500000 0.010000
1 0.553536 0.563934 0.500000 0.010000
1 0.519389 0.583133 0.500000 0.012809
1 0.547075 0.599248 0.500000 0.010000
1 0.524371 0.628469 0.500000 0.010000
1 0.553377 0.651208 0.500000 0.011023
1 0.527874 0.685543 0.500000 0.010000
1 0.548371 0.692436 0.500000 0.010000
1 0.516773 0.691253 0.500000 0.010000
1 0.519552 0.730522 0.500000 0.014190
1 0.542156 0.735724 0.500000 0.019838
1 0.544574 0.791205 0.500000 0.010000
