1 0.539757 0.330987 0.500000 0.010000
1 0.541856 0.333337 0.500000 0.010000
1 0.518839 0.368513 0.500000 0.010000
1 0.535375 0.379084 0.500000 0.010000
1 0.545389 0.444178 0.500000 0.010000
1 0.529012 0.467138 0.500000 0.010000
1 0.545517 0.519799 0.500000 0.010000
1 0.525825 0.537392 0.500000 0.010000
1 0.524036 0.521193 0.500000 0.010000
1 0.531283 0.563411 0.500000 0.012558
1 0.520546 0.598856 0.500000 0.010000
1 0.517221 0.595187 0.500000 0.016469
1 0.523393 0.623459 0.500000 0.011238
1 0.548884 0.654104 0.500000 0.010270
1 0.521210 0.662967 0.500000 0.016004
1 0.565327 0.678527 0.500000 0.010000
1 0.514934 0.712481 0.500000 0.018740
1 0.512513 0.744184 0.500000 0.010000
1 0.526810 0.753405 0.500000 0.019240
1 0.541995 0.775642 0.500000 0.020251
