1 0.528449 0.310999 0.500000 0.010000
1 0.545807 0.330370 0.500000 0.010000
1 0.519350 0.391507 0.500000 0.010000
1 0.524443 0.397041 0.500000 0.010000
1 0.551110 0.470283 0.500000 0.010000
1 0.539407 0.461789 0.500000 0.010000
1 0.540922 0.516097 0.500000 0.010000
1 0.539893 0.529343 0.500000 0.010000
1 0.524137 0.543078 0.500000 0.011385
1 0.537362 0.584140 0.500000 0.010000
1 0.534498 0.601607 0.500000 0.015219
1 0.538396 0.586926 0.500000 0.010000
1 0.530631 0.624758 0.500000 0.010000
1 0.557362 0.660390 0.500000 0.019984
1 0.555904 0.654990 0.500000 0.024142
1 0.567238 0.686935 0.500000 0.014336
1 0.501882 0.714373 0.500000 0.015219
1 0.510272 0.741188 0.500000 0.010000
1 0.532409 0.771155 0.500000 0.010368
1 0.510187 0.765949 0.500000 0.019338
