1 0.519525 0.314735 0.500000 0.010000
1 0.520493 0.362465 0.500000 0.010000
1 0.524715 0.386059 0.500000 0.010000
1 0.520288 0.402937 0.500000 0.010000
1 0.541259 0.438891 0.500000 0.010000
1 0.552621 0.475219 0.500000 0.010000
1 0.532957 0.501165 0.500000 0.010000
1 0.527648 0.533929 0.500000 0.010000
1 0.511059 0.520085 0.500000 0.010213
1 0.533326 0.576852 0.500000 0.010000
1 0.534790 0.573378 0.500000 0.010000
1 0.547857 0.587671 0.500000 0.012792
1 0.535159 0.634548 0.500000 0.010000
1 0.548285 0.665502 0.500000 0.017246
1 0.521142 0.678986 0.500000 0.011255
1 0.552474 0.684809 0.500000 0.011526
1 0.523941 0.696846 0.500000 0.010000
1 0.533711 0.730790 0.500000 0.015856
1 0.521831 0.755435 0.500000 0.014364
1 0.547308 0.775951 0.500000 0.012240
