1 0.539755 0.313820 0.500000 0.010000
1 0.539535 0.353199 0.500000 0.010000
1 0.520007 0.379863 0.500000 0.010000
1 0.530730 0.382838 0.500000 0.010000
1 0.520343 0.466984 0.500000 0.010000
1 0.517409 0.470912 0.500000 0.010000
1 0.538646 0.502402 0.500000 0.010000
1 0.528997 0.498427 0.500000 0.010000
1 0.517563 0.544603 0.500000 0.010000
1 0.521945 0.579628 0.500000 0.010000
1 0.549461 0.578316 0.500000 0.017734
1 0.519450 0.618953 0.500000 0.010000
1 0.545859 0.623868 0.500000 0.010000
1 0.529021 0.656386 0.500000 0.018224
1 0.542165 0.661595 0.500000 0.017080
1 0.549221 0.690488 0.500000 0.020245
1 0.514149 0.696497 0.500000 0.010000
1 0.527387 0.712113 0.500000 0.019635
1 0.540724 0.759381 0.500000 0.010000
1 0.533813 0.768752 0.500000 0.013732
