1 0.525456 0.314475 0.500000 0.010000
1 0.534426 0.368952 0.500000 0.010000
1 0.515553 0.355565 0.500000 0.010000
1 0.541926 0.385468 0.500000 0.010000
1 0.538716 0.462842 0.500000 0.010000
1 0.543819 0.472536 0.500000 0.010000
1 0.531133 0.500699 0.500000 0.010000
1 0.549364 0.503412 0.500000 0.010000
1 0.549579 0.527976 0.500000 0.011981
1 0.551344 0.547312 0.500000 0.010869
1 0.531664 0.582322 0.500000 0.016481
1 0.548958 0.610940 0.500000 0.010000
1 0.554900 0.618035 0.500000 0.018582
1 0.532579 0.661411 0.500000 0.016569
1 0.557472 0.657713 0.500000 0.010000
1 0.558313 0.676392 0.500000 0.010000
1 0.529512 0.726743 0.500000 0.012786
1 0.542801 0.750726 0.500000 0.019400
1 0.535988 0.771993 0.500000 0.021268
1 0.516058 0.766652 0.500000 0.010184
