1 0.532018 0.341394 0.500000 0.010000
1 0.515872 0.353810 0.500000 0.010000
1 0.547706 0.383997 0.500000 0.010000
1 0.545942 0.404184 0.500000 0.010000
1 0.549527 0.464184 0.500000 0.010000
1 0.548086 0.466068 0.500000 0.010000
1 0.552599 0.501296 0.500000 0.010000
1 0.516770 0.502283 0.500000 0.010000
1 0.530950 0.539364 0.500000 0.010000
1 0.519791 0.550491 0.500000 0.010000
1 0.549535 0.606589 0.500000 0.017702
1 0.520720 0.609808 0.500000 0.013060
1 0.549469 0.637444 0.500000 0.012409
1 0.548169 0.655881 0.500000 0.019162
1 0.533665 0.663687 0.500000 0.018934
1 0.554238 0.669576 0.500000 0.010000
1 0.533125 0.700238 0.500000 0.010000
1 0.524564 0.738573 0.500000 0.019048
1 0.511003 0.752182 0.500000 0.010000
1 0.509271 0.763775 0.500000 0.015588
