1 0.508450 0.308113 0.500000 0.010000
1 0.524634 0.358651 0.500000 0.011263
1 0.546562 0.359565 0.500000 0.010000
1 0.545343 0.376713 0.500000 0.010000
1 0.520467 0.461357 0.500000 0.010000
1 0.524872 0.480961 0.500000 0.010000
1 0.528369 0.509934 0.500000 0.010000
1 0.529247 0.534704 0.500000 0.010000
1 0.530829 0.517884 0.500000 0.010000
1 0.553764 0.564647 0.500000 0.010000
1 0.534604 0.597773 0.500000 0.010000
1 0.532125 0.619492 0.500000 0.013758
1 0.550035 0.606757 0.500000 0.018640
1 0.523941 0.642758 0.500000 0.010000
1 0.520140 0.679611 0.500000 0.014641
1 0.551323 0.683185 0.500000 0.010000
1 0.525166 0.692184 0.500000 0.014709
1 0.510838 0.747878 0.500000 0.015325
1 0.507341 0.747343 0.500000 0.019008
1 0.537445 0.792677 0.500000 0.021230
