1 0.531183 0.312448 0.500000 0.010000
1 0.533080 0.369590 0.500000 0.010000
1 0.536009 0.370694 0.500000 0.010000
1 0.530553 0.401777 0.500000 0.010000
1 0.525407 0.463711 0.500000 0.010000
1 0.535759 0.475034 0.500000 0.010000
1 0.545865 0.493095 0.500000 0.010000
1 0.519524 0.516375 0.500000 0.010000
1 0.520497 0.527102 0.500000 0.010000
1 0.519675 0.564764 0.500000 0.010000
1 0.553921 0.569504 0.500000 0.010782
1 0.539728 0.607469 0.500000 0.010000
1 0.554473 0.635308 0.500000 0.010000
1 0.530373 0.662877 0.500000 0.013361
1 0.535760 0.678914 0.500000 0.015423
1 0.539188 0.703473 0.500000 0.010000
1 0.507973 0.696196 0.500000 0.010000
1 0.518514 0.728260 0.500000 0.014082
1 0.538831 0.772386 0.500000 0.011524
1 0.528376 0.754312 0.500000 0.010443
