1 0.521992 0.334636 0.500000 0.010000
1 0.528521 0.335525 0.500000 0.010000
1 0.540037 0.362499 0.500000 0.010000
1 0.540863 0.405133 0.500000 0.010000
1 0.540352 0.455442 0.500000 0.010000
1 0.548049 0.482300 0.500000 0.010000
1 0.526486 0.497081 0.500000 0.010000
1 0.533925 0.519353 0.500000 0.010000
1 0.534731 0.528714 0.500000 0.014070
1 0.550965 0.549015 0.500000 0.010857
1 0.548650 0.578142 0.500000 0.016345
1 0.551618 0.625279 0.500000 0.012411
1 0.549398 0.603081 0.500000 0.012215
1 0.550335 0.663269 0.500000 0.010000
1 0.519356 0.680364 0.500000 0.022008
1 0.560070 0.676473 0.500000 0.012065
1 0.519593 0.702802 0.500000 0.010000
1 0.543210 0.715303 0.500000 0.018826
1 0.532289 0.746451 0.500000 0.021033
1 0.543911 0.763143 0.500000 0.010000
