1 0.516993 0.323098 0.500000 0.010000
1 0.532044 0.355228 0.500000 0.010000
1 0.519433 0.373146 0.500000 0.010000
1 0.541073 0.381780 0.500000 0.010000
1 0.520809 0.442900 0.500000 0.010245
1 0.538979 0.479940 0.500000 0.010000
1 0.536634 0.513077 0.500000 0.010000
1 0.527209 0.531399 0.500000 0.013758
1 0.548211 0.544011 0.500000 0.010000
1 0.521979 0.558099 0.500000 0.010000
1 0.554336 0.597695 0.500000 0.018690
1 0.540204 0.596002 0.500000 0.011053
1 0.526352 0.638561 0.500000 0.017211
1 0.532015 0.660743 0.500000 0.015781
1 0.554973 0.689561 0.500000 0.024860
1 0.532131 0.691278 0.500000 0.020549
1 0.536285 0.724324 0.500000 0.012594
1 0.533830 0.721081 0.500000 0.012205
1 0.545284 0.773019 0.500000 0.010218
1 0.545326 0.787821 0.500000 0.010000
