1 0.546985 0.321338 0.500000 0.010000
1 0.511837 0.337579 0.500000 0.010000
1 0.551414 0.393800 0.500000 0.010000
1 0.520442 0.388541 0.500000 0.010000
1 0.532773 0.459644 0.500000 0.010000
1 0.517121 0.476461 0.500000 0.010000
1 0.551916 0.510146 0.500000 0.010000
1 0.520654 0.532721 0.500000 0.010000
1 0.517212 0.529915 0.500000 0.010000
1 0.557480 0.553995 0.500000 0.010000
1 0.531833 0.601207 0.500000 0.010000
1 0.551423 0.586205 0.500000 0.010000
1 0.542094 0.616217 0.500000 0.010000
1 0.526426 0.660852 0.500000 0.010929
1 0.553529 0.656328 0.500000 0.014014
1 0.567045 0.690044 0.500000 0.010000
1 0.501082 0.692576 0.500000 0.010000
1 0.523860 0.712262 0.500000 0.010000
1 0.523714 0.738999 0.500000 0.023645
1 0.542344 0.773288 0.500000 0.014346
