1 0.541265 0.319662 0.500000 0.010000
1 0.539293 0.343058 0.500000 0.010000
1 0.532179 0.357123 0.500000 0.010000
1 0.541870 0.385572 0.500000 0.010000
1 0.552241 0.448729 0.500000 0.010000
1 0.531811 0.470748 0.500000 0.010000
1 0.547758 0.496062 0.500000 0.010000
1 0.532726 0.504184 0.500000 0.010000
1 0.535976 0.523337 0.500000 0.010000
1 0.525538 0.571043 0.500000 0.010000
1 0.522794 0.578035 0.500000 0.010000
1 0.533390 0.604429 0.500000 0.010000
1 0.555305 0.626176 0.500000 0.016265
1 0.535196 0.659702 0.500000 0.010000
1 0.524037 0.679391 0.500000 0.014350
1 0.553598 0.673992 0.500000 0.010000
1 0.536129 0.698996 0.500000 0.010000
1 0.535473 0.722635 0.500000 0.021985
1 0.535023 0.759125 0.500000 0.015227
1 0.518408 0.762869 0.500000 0.010000
