1 0.516128 0.331742 0.500000 0.010000
1 0.526045 0.334893 0.500000 0.010000
1 0.538811 0.357118 0.500000 0.010000
1 0.516497 0.410036 0.500000 0.010000
1 0.530453 0.444994 0.500000 0.010000
1 0.523984 0.496587 0.500000 0.010000
1 0.540101 0.517476 0.500000 0.010000
1 0.525231 0.529072 0.500000 0.010000
1 0.529758 0.546573 0.500000 0.015267
1 0.541462 0.583334 0.500000 0.012708
1 0.529808 0.599741 0.500000 0.010990
1 0.526606 0.603785 0.500000 0.010905
1 0.544538 0.606803 0.500000 0.015520
1 0.539190 0.641105 0.500000 0.010000
1 0.557642 0.672483 0.500000 0.016074
1 0.556067 0.669315 0.500000 0.020138
1 0.510982 0.713371 0.500000 0.010000
1 0.527450 0.741891 0.500000 0.010000
1 0.530858 0.771129 0.500000 0.017179
1 0.541380 0.759617 0.500000 0.018254
