1 0.515345 0.310734 0.500000 0.010000
1 0.529098 0.354848 0.500000 0.010000
1 0.529731 0.378213 0.500000 0.010000
1 0.523107 0.400341 0.500000 0.010000
1 0.545712 0.446945 0.500000 0.010000
1 0.551308 0.494979 0.500000 0.010000
1 0.556091 0.494070 0.500000 0.010000
1 0.539220 0.533430 0.500000 0.010000
1 0.544194 0.539928 0.500000 0.010000
1 0.530717 0.555521 0.500000 0.010000
1 0.536092 0.569763 0.500000 0.010000
1 0.516473 0.586917 0.500000 0.017960
1 0.552317 0.623776 0.500000 0.012905
1 0.551570 0.646360 0.500000 0.010000
1 0.548627 0.664000 0.500000 0.020297
1 0.550782 0.699887 0.500000 0.019293
1 0.522118 0.723049 0.500000 0.010000
1 0.530124 0.747974 0.500000 0.010000
1 0.518349 0.734078 0.500000 0.010000
1 0.522731 0.770546 0.500000 0.020783
