1 0.539068 0.332682 0.500000 0.010000
1 0.535156 0.336999 0.500000 0.010000
1 0.551367 0.362426 0.500000 0.010000
1 0.524399 0.404758 0.500000 0.010000
1 0.528126 0.459088 0.500000 0.011030
1 0.522620 0.489217 0.500000 0.010000
1 0.548780 0.500164 0.500000 0.010000
1 0.535122 0.508336 0.500000 0.010000
1 0.545461 0.551708 0.500000 0.010000
1 0.537819 0.579110 0.500000 0.010000
1 0.527162 0.583204 0.500000 0.010000
1 0.517124 0.589283 0.500000 0.010000
1 0.535590 0.605415 0.500000 0.010000
1 0.553805 0.646139 0.500000 0.021327
1 0.540946 0.686816 0.500000 0.018160
1 0.563749 0.675999 0.500000 0.010000
1 0.531830 0.718208 0.500000 0.010000
1 0.533048 0.721358 0.500000 0.010564
1 0.517370 0.749733 0.500000 0.015327
1 0.524719 0.763267 0.500000 0.018743
