1 0.545594 0.332738 0.500000 0.010000
1 0.535751 0.342280 0.500000 0.010000
1 0.532541 0.392083 0.500000 0.010000
1 0.541030 0.386704 0.500000 0.010000
1 0.521590 0.458023 0.500000 0.010000
1 0.545380 0.481255 0.500000 0.010000
1 0.529820 0.513311 0.500000 0.012428
1 0.538743 0.499668 0.500000 0.010000
1 0.515374 0.550228 0.500000 0.010000
1 0.548016 0.545414 0.500000 0.010000
1 0.535346 0.592267 0.500000 0.014422
1 0.534467 0.623557 0.500000 0.015948
1 0.549547 0.640116 0.500000 0.010000
1 0.523203 0.661710 0.500000 0.010425
1 0.546293 0.674318 0.500000 0.010000
1 0.552563 0.678222 0.500000 0.010000
1 0.500677 0.729215 0.500000 0.010000
1 0.525901 0.744900 0.500000 0.023704
1 0.546004 0.756397 0.500000 0.024297
1 0.512448 0.773965 0.500000 0.010610
