1 0.543210 0.341390 0.500000 0.011419
1 0.545463 0.350297 0.500000 0.010000
1 0.546042 0.371759 0.500000 0.010000
1 0.536034 0.383096 0.500000 0.010000
1 0.553337 0.459068 0.500000 0.010281
1 0.529713 0.489406 0.500000 0.010000
1 0.541114 0.523786 0.500000 0.010000
1 0.524175 0.521699 0.500000 0.010000
1 0.511234 0.529203 0.500000 0.010000
1 0.536192 0.547362 0.500000 0.010000
1 0.521006 0.596182 0.500000 0.014373
1 0.546577 0.609364 0.500000 0.010000
1 0.555942 0.633789 0.500000 0.010000
1 0.528374 0.661852 0.500000 0.012101
1 0.517931 0.684584 0.500000 0.010000
1 0.566746 0.689139 0.500000 0.010000
1 0.529411 0.698732 0.500000 0.010000
1 0.537087 0.723384 0.500000 0.010000
1 0.541937 0.768986 0.500000 0.012278
1 0.515023 0.792691 0.500000 0.022196
