1 0.511592 0.332105 0.500000 0.010000
1 0.522677 0.331183 0.500000 0.010000
1 0.516806 0.364877 0.500000 0.010000
1 0.531134 0.394270 0.500000 0.010000
1 0.533406 0.436604 0.500000 0.010399
1 0.545470 0.491758 0.500000 0.010000
1 0.539743 0.486453 0.500000 0.010000
1 0.525721 0.530516 0.500000 0.013065
1 0.532063 0.535707 0.500000 0.013274
1 0.529991 0.565411 0.500000 0.010546
1 0.547304 0.589177 0.500000 0.010000
1 0.532809 0.597460 0.500000 0.010000
1 0.555270 0.633030 0.500000 0.014078
1 0.536254 0.666389 0.500000 0.010000
1 0.556474 0.673668 0.500000 0.010000
1 0.562759 0.670855 0.500000 0.010000
1 0.523730 0.697457 0.500000 0.017549
1 0.520762 0.719969 0.500000 0.010000
1 0.525032 0.748447 0.500000 0.012011
1 0.522532 0.767856 0.500000 0.016121
