1 0.516211 0.324136 0.500000 0.010000
1 0.535821 0.339689 0.500000 0.010000
1 0.523931 0.357307 0.500000 0.010000
1 0.544677 0.388926 0.500000 0.010000
1 0.523772 0.443810 0.500000 0.010000
1 0.533084 0.471321 0.500000 0.010000
1 0.520658 0.508793 0.500000 0.010000
1 0.525667 0.523781 0.500000 0.010000
1 0.523553 0.539613 0.500000 0.010000
1 0.537071 0.575253 0.500000 0.010021
1 0.534284 0.574681 0.500000 0.011402
1 0.520436 0.609467 0.500000 0.013688
1 0.542149 0.633223 0.500000 0.010000
1 0.537908 0.650457 0.500000 0.013853
1 0.537458 0.664140 0.500000 0.010000
1 0.560975 0.684434 0.500000 0.010527
1 0.533173 0.697784 0.500000 0.015896
1 0.513154 0.749446 0.500000 0.010000
1 0.540217 0.766716 0.500000 0.025186
1 0.544235 0.778361 0.500000 0.013808
