1 0.545044 0.319258 0.500000 0.011292
1 0.539718 0.342164 0.500000 0.010000
1 0.538183 0.391285 0.500000 0.010000
1 0.515878 0.386413 0.500000 0.010000
1 0.535460 0.463223 0.500000 0.010000
1 0.553152 0.465119 0.500000 0.010000
1 0.543568 0.492110 0.500000 0.010000
1 0.537101 0.513495 0.500000 0.010000
1 0.547342 0.543564 0.500000 0.012289
1 0.529850 0.557763 0.500000 0.010000
1 0.527642 0.568000 0.500000 0.010000
1 0.546194 0.616354 0.500000 0.010000
1 0.542588 0.639958 0.500000 0.013646
1 0.545993 0.650565 0.500000 0.019838
1 0.524142 0.665017 0.500000 0.017281
1 0.548305 0.675242 0.500000 0.019529
1 0.532532 0.728108 0.500000 0.010000
1 0.510863 0.735478 0.500000 0.010229
1 0.507017 0.764000 0.500000 0.010000
1 0.531139 0.790784 0.500000 0.013612
