1 0.536152 0.310395 0.500000 0.010000
1 0.547841 0.357955 0.500000 0.010000
1 0.536176 0.363565 0.500000 0.010000
1 0.529771 0.402917 0.500000 0.010000
1 0.546639 0.445092 0.500000 0.010000
1 0.534244 0.466170 0.500000 0.010000
1 0.559004 0.496797 0.500000 0.010000
1 0.542944 0.530409 0.500000 0.010000
1 0.546478 0.549534 0.500000 0.010000
1 0.548117 0.568627 0.500000 0.010000
1 0.541268 0.575346 0.500000 0.017162
1 0.548293 0.591783 0.500000 0.010000
1 0.536173 0.609708 0.500000 0.012740
1 0.521625 0.648262 0.500000 0.010000
1 0.552340 0.679956 0.500000 0.010000
1 0.553975 0.675960 0.500000 0.017717
1 0.510013 0.698423 0.500000 0.015286
1 0.521671 0.727302 0.500000 0.012208
1 0.527638 0.746066 0.500000 0.013815
1 0.508188 0.767828 0.500000 0.010000
