1 0.527119 0.328904 0.500000 0.010000
1 0.527043 0.349692 0.500000 0.010000
1 0.517924 0.393845 0.500000 0.010000
1 0.513384 0.392601 0.500000 0.010000
1 0.550345 0.443788 0.500000 0.010000
1 0.551198 0.462339 0.500000 0.010000
1 0.526521 0.522432 0.500000 0.010000
1 0.521091 0.499297 0.500000 0.013785
1 0.523940 0.546967 0.500000 0.010497
1 0.555577 0.580898 0.500000 0.010000
1 0.521906 0.575276 0.500000 0.015245
1 0.518171 0.610109 0.500000 0.015700
1 0.537245 0.635201 0.500000 0.010204
1 0.529196 0.645993 0.500000 0.010000
1 0.531977 0.659373 0.500000 0.023556
1 0.567525 0.685936 0.500000 0.018272
1 0.533595 0.698990 0.500000 0.010000
1 0.537019 0.728593 0.500000 0.022076
1 0.545578 0.757514 0.500000 0.010284
1 0.537743 0.792243 0.500000 0.010000
