1 0.520521 0.309483 0.500000 0.010662
1 0.516354 0.357911 0.500000 0.010000
1 0.534608 0.366334 0.500000 0.010000
1 0.548099 0.380191 0.500000 0.010000
1 0.556317 0.430927 0.500000 0.010000
1 0.523123 0.490432 0.500000 0.010000
1 0.521535 0.502901 0.500000 0.010000
1 0.533524 0.522977 0.500000 0.010000
1 0.532375 0.526855 0.500000 0.010000
1 0.530038 0.564121 0.500000 0.010000
1 0.523865 0.574487 0.500000 0.012126
1 0.549297 0.606102 0.500000 0.012816
1 0.527966 0.626349 0.500000 0.010000
1 0.554299 0.665348 0.500000 0.010000
1 0.529773 0.663551 0.500000 0.010000
1 0.534059 0.674077 0.500000 0.010000
1 0.503996 0.702675 0.500000 0.012947
1 0.532798 0.723889 0.500000 0.010000
1 0.522295 0.758688 0.500000 0.021277
1 0.512283 0.763963 0.500000 0.014984
