1 0.531267 0.305994 0.500000 0.010000
1 0.515688 0.360352 0.500000 0.010162
1 0.551814 0.372764 0.500000 0.010650
1 0.511809 0.377037 0.500000 0.010000
1 0.531721 0.463976 0.500000 0.010000
1 0.541421 0.484391 0.500000 0.010000
1 0.550340 0.512553 0.500000 0.011126
1 0.531157 0.512672 0.500000 0.010000
1 0.522259 0.531193 0.500000 0.010334
1 0.552859 0.581967 0.500000 0.011706
1 0.555404 0.599849 0.500000 0.019170
1 0.546966 0.610533 0.500000 0.010000
1 0.551699 0.612046 0.500000 0.018620
1 0.535135 0.633494 0.500000 0.010452
1 0.528221 0.675194 0.500000 0.010000
1 0.538211 0.678666 0.500000 0.019101
1 0.500815 0.707589 0.500000 0.010000
1 0.531835 0.719071 0.500000 0.013161
1 0.532530 0.747720 0.500000 0.010003
1 0.518571 0.785657 0.500000 0.012029
