1 0.524581 0.333356 0.500000 0.010000
1 0.531871 0.351933 0.500000 0.010000
1 0.516907 0.383656 0.500000 0.010000
1 0.513849 0.391227 0.500000 0.010000
1 0.549821 0.467734 0.500000 0.010116
1 0.538085 0.471618 0.500000 0.010000
1 0.548848 0.513764 0.500000 0.010000
1 0.531933 0.512353 0.500000 0.010000
1 0.539448 0.525020 0.500000 0.010000
1 0.556947 0.559137 0.500000 0.012051
1 0.530949 0.601747 0.500000 0.010000
1 0.538150 0.589711 0.500000 0.010000
1 0.521285 0.610483 0.500000 0.010000
1 0.550526 0.663565 0.500000 0.014342
1 0.527925 0.672434 0.500000 0.010000
1 0.564788 0.689896 0.500000 0.015574
1 0.509739 0.703575 0.500000 0.012638
1 0.521925 0.749152 0.500000 0.019757
1 0.520772 0.765723 0.500000 0.023375
1 0.540019 0.775613 0.500000 0.010000
