1 0.508728 0.336974 0.500000 0.010209
1 0.534996 0.330274 0.500000 0.010000
1 0.527985 0.366080 0.500000 0.010000
1 0.543383 0.390951 0.500000 0.010000
1 0.558250 0.468795 0.500000 0.010000
1 0.544047 0.467448 0.500000 0.010000
1 0.540350 0.509406 0.500000 0.010000
1 0.545051 0.533562 0.500000 0.010000
1 0.529552 0.545028 0.500000 0.010524
1 0.537130 0.576992 0.500000 0.010000
1 0.532771 0.571932 0.500000 0.013241
1 0.534356 0.589471 0.500000 0.015555
1 0.550192 0.610281 0.500000 0.010000
1 0.531930 0.660706 0.500000 0.010000
1 0.522061 0.690028 0.500000 0.014097
1 0.547980 0.692222 0.500000 0.010000
1 0.498903 0.698007 0.500000 0.010000
1 0.521935 0.733901 0.500000 0.012424
1 0.538049 0.739150 0.500000 0.021305
1 0.514000 0.792382 0.500000 0.019352
