1 0.511756 0.332749 0.500000 0.010964
1 0.518609 0.338714 0.500000 0.010000
1 0.534844 0.384913 0.500000 0.010000
1 0.531572 0.384568 0.500000 0.010000
1 0.543156 0.469393 0.500000 0.010000
1 0.540363 0.462669 0.500000 0.010000
1 0.523536 0.513076 0.500000 0.010000
1 0.516860 0.505286 0.500000 0.010000
1 0.526837 0.530886 0.500000 0.012943
1 0.527906 0.568590 0.500000 0.010000
1 0.547664 0.575130 0.500000 0.010000
1 0.543087 0.614804 0.500000 0.010000
1 0.553034 0.615570 0.500000 0.017646
1 0.553338 0.649417 0.500000 0.010000
1 0.552289 0.685541 0.500000 0.010000
1 0.558930 0.682121 0.500000 0.014095
1 0.517929 0.710523 0.500000 0.010000
1 0.532864 0.745789 0.500000 0.010000
1 0.533106 0.738532 0.500000 0.021738
1 0.528039 0.771469 0.500000 0.022481
