1 0.527344 0.322738 0.658854 0.003260
1 0.528646 0.349633 0.671875 0.001630
1 0.533854 0.375306 0.661458 0.000815
1 0.531250 0.392828 0.671875 0.000000
1 0.539062 0.450693 0.651042 0.001630
1 0.533854 0.477588 0.651042 0.000000
1 0.540365 0.504890 0.648438 0.004075
1 0.532552 0.517930 0.643229 0.004075
1 0.529948 0.536675 0.643229 0.005705
1 0.539062 0.564385 0.640625 0.004075
1 0.536458 0.586797 0.651042 0.009780
1 0.536458 0.605949 0.651042 0.008965
1 0.537760 0.621434 0.632812 0.008965
1 0.539062 0.647107 0.645833 0.011410
1 0.537760 0.671964 0.643229 0.015485
1 0.548177 0.685819 0.617188 0.010595
1 0.516927 0.709454 0.643229 0.010595
1 0.523438 0.731459 0.645833 0.013855
1 0.526042 0.753871 0.645833 0.016300
1 0.527344 0.773431 0.632812 0.014670
